version: 1
creator: callgrind-3.10.1
pid: 4923
cmd:  ./pi 13000000
part: 1


desc: I1 cache: 
desc: D1 cache: 
desc: LL cache: 

desc: Timerange: Basic block 0 - 853810808
desc: Trigger: Program termination

positions: line
events: Ir
summary: 3624967703


ob=(2) ???
fl=(14) ???
fn=(288) 0x0000000004c2c400
0 6

fn=(318) 0x0000000000400748
0 6

fn=(254) 0x0000000004a25560
0 6

ob=(3) /lib/x86_64-linux-gnu/libc-2.19.so
fl=(40) /build/buildd/eglibc-2.19/string/../sysdeps/x86_64/multiarch/strcmp.S
fn=(170) strcasecmp
114 1
+1 1
+1 1
cfi=(41) /build/buildd/eglibc-2.19/csu/../sysdeps/x86_64/multiarch/init-arch.c
cfn=(172) __init_cpu_features
calls=1 -62 
* 93
+3 1
+1 1
+1 1
+11 1

fn=(180) strncasecmp
140 1
+1 1
+4 1
+1 1
+1 1
+11 1

fl=(97) /build/buildd/eglibc-2.19/stdlib/rand.c
fn=(404) rand
26 14111834
+1 14111834
cfi=(86) /build/buildd/eglibc-2.19/stdlib/random.c
cfn=(406) random
calls=14111834 293 
* 606353642
+1 28223668

fl=(94) /build/buildd/eglibc-2.19/malloc/morecore.c
fn=(394) __default_morecore
46 2
+1 2
cfi=(95) /build/buildd/eglibc-2.19/misc/sbrk.c
cfn=(396) sbrk
calls=2 -13 
* 72
+2 6
+3 6

fl=(95)
fn=(396)
34 2
+8 2
-8 6
+8 9
+4 4
+4 4
+3 1
cfi=(96) /build/buildd/eglibc-2.19/misc/../sysdeps/unix/sysv/linux/x86_64/brk.c
cfn=(398) brk
calls=1 -22 
* 13
* 2
+4 10
-14 2
cfi=(96)
cfn=(398)
calls=1 -12 
* 13
* 4

fl=(73) /build/buildd/eglibc-2.19/elf/dl-altinit.c
fn=(286) dlinit_alt
33 3
+1 1

fl=(81) /build/buildd/eglibc-2.19/stdlib/atol.c
fn=(342) atol
27 3
cfi=(82) /build/buildd/eglibc-2.19/stdlib/../stdlib/strtol.c
cfn=(344) strtol
calls=1 +81 
* 253

fl=(91) /build/buildd/eglibc-2.19/elf/dl-addr.c
fn=(378) _dl_addr
126 9
+5 1
-5 2
+5 2
cob=(1) /lib/x86_64-linux-gnu/ld-2.19.so
cfi=(2) /build/buildd/eglibc-2.19/elf/rtld.c
cfn=(46) rtld_lock_default_lock_recursive
calls=1 838 
* 2
+2 2
cob=(1)
cfi=(92) /build/buildd/eglibc-2.19/elf/dl-open.c
cfn=(386) _dl_find_dso_for_object
calls=1 +49 
* 39
cob=(1)
cfi=(49) /build/buildd/eglibc-2.19/elf/../sysdeps/x86_64/dl-trampoline.S
cfn=(200) _dl_runtime_resolve
calls=1 -99 
* 1254
* 5
+2 2
30 1
+1 1
-1 1
+1 1
+3 2
+5 1
+6 1
-7 1
+2 2
+2 1
-2 1
+2 1
+3 1
+5 7
+2 1
+1 2
-1 1010
+1 2020
+2 4927
+6 11060
+2 8848
+1 16231
+7 2212
-2 2212
+2 5435
-21 2022
+49 3
+1 1
+1 3
+3 2
+37 3
cob=(1)
cfi=(2)
cfn=(48) rtld_lock_default_unlock_recursive
calls=1 844 
* 2
+3 9
-28 1
+1 1
+21 2

fl=(79) /build/buildd/eglibc-2.19/setjmp/sigjmp.c
fn=(334) __sigjmp_save
29 2
-1 2
+1 2
+5 3

fl=(44) /build/buildd/eglibc-2.19/elf/../sysdeps/unix/sysv/linux/dl-vdso.c
fn=(178) _dl_vdso_vsym
27 5
-1 5
+1 5
+4 10
-3 10

fl=(41)
fn=(172)
54 1
-9 1
+9 1
+3 1
-3 1
+3 5
+95 2
+1 7
+7 3
+4 2
+2 3
+18 2
+5 1
+1 1
+2 1
+1 2
-9 4
+1 5
+1 2
-16 2
+1 1
+2 2
+3 2
31 2
+6 1
-6 1
+7 1
-1 1
+28 1
-27 1
+27 1
-28 1
+2 1
-1 1
+1 1
+26 1
+1 1
-35 4
+35 1
+5 1
-12 1
+12 1
+3 12
+27 1
-42 1
+42 1
+22 1
-64 1
+68 1

fn=(206) __get_cpu_features
200 42
+4 28

fl=(70) /build/buildd/eglibc-2.19/ctype/ctype-info.c
fn=(276) __ctype_init
31 5
+2 1
-2 2
+2 3
+2 5

fl=(68) /build/buildd/eglibc-2.19/misc/init-misc.c
fn=(272) __init_misc
30 4
+1 5
+2 3
cfi=(69) /build/buildd/eglibc-2.19/string/../sysdeps/x86_64/strrchr.S
cfn=(274) rindex
calls=1 -9 
* 24
+4 5
+1 3
+2 4

fl=(75) /build/buildd/eglibc-2.19/csu/libc-start.c
fn=(310) (below main)
133 7
+4 1
-4 3
+4 3
+82 1
-82 1
+82 1
+1 4
cfi=(76) /build/buildd/eglibc-2.19/stdlib/cxa_atexit.c
cfn=(312) __cxa_atexit
calls=1 57 
* 60
+22 6
+3 2
+1 5
cob=(6) /home/user/Documents/CSCI3308/CSCI3308/LAB/Lab9-DynamicAnalysis/CU-CSCI3308-DynamicPractice/pi
cfi=(74) ???
cfn=(316) __libc_csu_init
calls=1 0 
* 55
+4 4
+15 2
+9 2
cfi=(77) /build/buildd/eglibc-2.19/setjmp/../sysdeps/x86_64/bsd-_setjmp.S
cfn=(330) _setjmp
calls=1 30 
* 29
+1 2
+5 2
+1 2
+3 2
+3 6
cob=(6)
cfi=(80) /home/user/Documents/CSCI3308/CSCI3308/LAB/Lab9-DynamicAnalysis/CU-CSCI3308-DynamicPractice/pi.c
cfn=(336) main
calls=1 58 
* 3624847091
137 2

fl=(69)
fn=(274)
24 1
+1 1
+1 1
+1 1
+1 1
+1 1
+1 1
+1 1
+1 1
+1 1
+1 1
+1 1
+1 1
+1 1
+1 1
+1 1
+1 1
+1 1
+1 1
+1 1
+1 1
+1 1
+1 1
+1 1

fl=(77)
fn=(330)
30 1
+2 1
cfi=(78) /build/buildd/eglibc-2.19/setjmp/../sysdeps/x86_64/setjmp.S
cfn=(332) __sigsetjmp
calls=1 -6 
* 27

fl=(96)
fn=(398)
31 2
-3 2
+3 14
+8 2
-6 4
+7 2

fl=(88) /build/buildd/eglibc-2.19/malloc/malloc.c
fn=(372) malloc
2876 28223672
+5 14111836
+1 14111836
+3 14111834
+2 56447336
+4 21167751
cfn=(390) _int_malloc
calls=7055917 3302 
* 395131448
+1 7055917
-1 7055917
+1 7055917
+11 28223668
+1 56447336
+3 35279585
-24 1
+24 3
-24 1
cfi=(89) /build/buildd/eglibc-2.19/malloc/hooks.c
cfn=(374) malloc_hook_ini
calls=1 30 
* 58980

fn=(373) malloc'2
2876 4
+5 2
+1 2
+3 2
+2 8
+4 3
cfn=(390)
calls=1 3302 
* 1149
+1 1
-1 1
+1 1
+11 4
+1 8
+3 5

fn=(438) _int_free
3814 56447336
+13 7055917
-13 7055917
+13 14111834
+6 28223668
+1 14111834
+11 28223668
+13 21167751
+11 28223668
+1 21167751
1869 7055917
3894 7055917
1869 14111834
3896 21167751
+1 14111834
+1 7055917
+3 7055917
-3 7055917
+9 21167751
-5 28223668
+14 14111834
+2 7055917
+2 42335502
+2 14111834
4087 56447336

fn=(390)
3302 49391426
+30 7055918
-30 7055918
+30 63503262
+8 14111836
+2 21167751
+1 7055917
+1 7055917
-1 14111834
+5 14111834
+3 35279580
+1 7055916
-1 7055916
+1 14111832
+25 4
+2 4
+1 4
+2 6
+2 2
1862 7055916
3743 7055916
1862 14111832
3806 63503262
3423 3
cfn=(392) malloc_consolidate
calls=1 4104 
* 793
* 1
3790 1
4992 2
3790 3
+2 25
4990 1
+2 1
-2 3
3442 2
3790 1
4992 2
3790 3
+2 25
4990 1
+2 1
-2 3
3442 8
3576 4
+73 2
+1 2
+1 2
-1 2
+1 2
+1 4
+1 4
+5 12
+4 6
+3 8
-3 6
+3 8
-3 6
+3 8
-3 4
3765 2
+3 2
-2 6
+2 4
+17 2
3355 35279580
5000 1
2271 4
+11 1
-11 1
+11 1
+87 1
-9 1
+9 1
+9 3
2700 2
+1 1
+5 2
+3 2
+5 1
-3 1
+3 1
-2 1
+5 1
-3 3
+1 1
-1 1
-1 1
+1 2
+1 1
3801 2
1862 3
2272 2
3773 1
-3 1
+1 1
+2 1
-1 1
+1 2
+2 1
-2 3
1862 1
3773 1
+2 1
+3 1
1862 2
2433 1
+19 2
-19 1
+9 1
+10 2
-10 1
+10 1
-10 3
+10 3
+8 1
-8 1
+8 1
+2 4
cfi=(94)
cfn=(394)
calls=1 46 
* 62
* 2
+4 5
+3 2
+1 2
+19 1
+27 2
+1 1
+1 2
+6 1
-6 1
+6 1
+3 6
+42 3
+19 1
+3 2
+1 6
+2 1
-2 1
+2 1
+1 4
cfi=(94)
cfn=(394)
calls=1 46 
* 26
+12 3
+8 2
+1 3
+39 1
+1 1
-2 1
+1 3
+12 1
-12 1
+1 1
+11 1
2527 2
+42 3
2369 2

fn=(436) free
2917 14111834
+1 14111834
+6 14111834
+5 7055917
-2 7055917
+2 14111834
+16 21167751
+1 14111834
cfn=(438)
calls=7055917 3814 
* 493914190

fn=(392)
4104 8
+22 2
4996 1
4126 3
1785 1
+3 3
-3 128
+3 378
-3 252
+7 3
+5 1
+2 1
-2 1
4199 8
1796 3

fl=(42) /build/buildd/eglibc-2.19/time/../sysdeps/unix/sysv/linux/x86_64/time.c
fn=(174) time
37 2
-1 2
fi=(43) /build/buildd/eglibc-2.19/time/../sysdeps/generic/dl-hash.h
+8 2
fe=(42)
-7 4
fi=(43)
+8 2
fe=(42)
-8 2
fi=(43)
+6 2
+5 6
+1 4
+13 4
-17 6
+3 18
+1 12
+13 12
-17 18
+22 2
fe=(42)
-30 4
+3 4
-3 2
+3 2
cfi=(44)
cfn=(178)
calls=2 -13 
* 14
* 6
+1 6

fl=(45) /build/buildd/eglibc-2.19/time/../sysdeps/unix/sysv/linux/x86_64/gettimeofday.c
fn=(182) gettimeofday
31 1
-1 1
fi=(43)
+14 1
fe=(45)
-13 2
fi=(43)
+14 1
fe=(45)
-14 1
fi=(43)
+12 1
+5 3
+1 2
+13 2
-17 3
+3 9
+1 6
+13 6
-17 9
+22 1
fe=(45)
-36 2
+3 2
-3 1
+3 1
cfi=(44)
cfn=(178)
calls=1 -7 
* 7
+1 3
+1 3

fl=(83) /build/buildd/eglibc-2.19/stdlib/../stdlib/strtol_l.c
fn=(346) ____strtol_l_internal
232 8
+26 1
-12 1
-14 1
+26 1
+22 1
-1 1
+10 4
+9 6
+2 2
+5 2
+5 1
-6 1
+6 1
+4 2
+10 2
+7 3
-79 1
376 1
+3 2
+59 1
-59 1
+1 2
+4 1
-4 1
+58 1
+2 2
+16 1
-74 1
+1 1
+57 1
+38 1
-22 1
-14 3
-2 14
-2 7
+4 7
-2 7
+2 14
+28 24
+3 32
+5 8
-40 8
+41 16
-41 25
+46 2
+5 3
+6 2
+3 3
334 5
496 3
+35 1
-18 1
+18 7

fl=(76)
fn=(312)
57 6
-22 2
cfn=(314) __new_exitfn
calls=1 +38 
* 38
+2 2
+4 1
+3 1
+1 1
-4 2
+2 1
+4 1
+1 1
+11 4

fn=(314)
73 1
+6 2
-6 3
+6 4
+2 4
-7 2
+9 3
-2 1
+10 1
-10 3
+45 1
+1 1
+3 4
+3 5
-21 1
+1 2

fl=(82)
fn=(344)
108 4
cfi=(83)
cfn=(346)
calls=1 232 
* 249

fl=(86)
fn=(406)
293 14111834
+3 84671004
+2 42335502
cfi=(87) /build/buildd/eglibc-2.19/stdlib/random_r.c
cfn=(366) random_r
calls=14111834 +68 
* 366452464
+2 56447336
+2 14111834
+1 28223668

fn=(362) srand
210 2
+1 6
+1 3
cfi=(87)
cfn=(364) srandom_r
calls=1 -48 
* 10520
+1 4
+1 2

fl=(89)
fn=(374)
30 2
fi=(90) /build/buildd/eglibc-2.19/malloc/arena.c
373 3
fe=(89)
29 3
cfi=(90)
cfn=(376) ptmalloc_init.part.7
calls=1 371 
* 57779
* 1
+4 1
-1 1
cfi=(88)
cfn=(373)
calls=1 2876 
* 1190

fl=(87)
fn=(364)
164 5
+8 2
+2 1
+1 2
+3 1
+2 3
+3 1
-1 1
+1 1
+5 1
+1 1
+5 1
-5 4
+5 7
+2 1
-1 2
+1 2
+2 3
+1 1
-10 3
+5 203
+2 29
-1 58
+1 58
+2 87
+1 29
-10 87
+13 1
+1 2
-1 2
+2 1
+1 4
+3 2
-3 1
+3 1
cfn=(366)
calls=1 366 
* 26
* 618
-3 309
+3 309
cfn=(366)
calls=309 366 
* 8024
-3 620
+7 1
+4 5

fn=(366)
366 56448576
+5 14112144
-2 14112144
+2 28224288
+9 14112144
+1 14112144
+1 14112144
+3 28224288
+3 14112144
-3 14112144
+2 14112144
+2 14112144
-2 14112144
+2 14112144
+7 13656914
+4 13656914
-3 27313828
+6 13656914
-2 27313828
-32 455230
+23 455230
+11 455230
-3 455230
+1 910460

fl=(78)
fn=(332)
26 1
+9 1
+1 2
+1 1
+4 1
+1 1
+1 1
+1 1
+1 1
+2 2
+2 1
+1 1
+3 2
+2 1
+9 1
cfi=(79)
cfn=(334)
calls=1 -35 
* 9

fl=(93) /build/buildd/eglibc-2.19/nptl/../nptl/sysdeps/unix/sysv/linux/register-atfork.c
fn=(388) __linkin_atfork
116 2
+1 6
+2 1

fl=(71) /build/buildd/eglibc-2.19/string/../sysdeps/x86_64/multiarch/../cacheinfo.c
fn=(278) init_cacheinfo
550 1
+13 1
-13 1
+13 1
-13 1
+13 1
+7 2
+2 3
cfn=(280) handle_intel
calls=1 306 
* 431
+4 2
-4 1
+4 1
cfn=(280)
calls=1 306 
* 470
+2 1
-2 1
-1 1
+3 1
+29 1
-18 1
+18 3
+7 2
+9 20
-9 12
+6 6
-6 3
+6 2
+49 4
+75 2
+2 1
+1 1
+2 1
-3 1
+5 1
-5 1
+4 3
+4 2
+2 1
+1 1
+2 1
-3 1
+5 1
+2 1
-7 1
+4 2
+3 1
-3 1
+3 2
-93 5
-45 2
+6 5
+7 2
+4 4
+2 4
-6 4
+4 1
-2 1
+2 1
-4 3
+4 1
-2 1
+2 1
+15 2
-8 1
+2 2
+1 1
-1 2
+1 1
+1 1

fn=(282) intel_check_word
162 8
+6 4
-7 8
+7 8
-7 4
+7 8
-7 4
+7 4
+2 4
-2 4
+2 12
+2 4
+2 8
-2 6
+2 12
+8 20
+53 16
fi=(72) /build/buildd/eglibc-2.19/string/../bits/stdlib-bsearch.h
27 8
+1 16
+3 16
+1 8
fe=(71)
150 16
fi=(72)
31 12
+1 6
fe=(71)
150 12
+3 54
fi=(72)
29 46
+2 46
-2 46
+2 80
+1 40
fe=(71)
150 80
295 8
170 16
-6 2
300 16
fi=(72)
37 8
-8 18
fe=(71)
194 10
+5 10
-5 14
+34 3
-34 15
+5 6
+4 8
+7 8
+3 2
+2 4
-10 2
-2 2
+2 3
+12 2
+2 2
+1 2
-3 2
+2 2
-1 2
-1 2
+2 2
-1 6
+1 2
-2 4

fn=(280)
306 4
-1 4
+17 2
-17 12
+14 2
+1 4
-3 6
+23 10
cfn=(282)
calls=2 162 
* 636
+1 4
+3 10
cfn=(282)
calls=2 162 
* 167
+1 4
-17 4
+5 2
-5 4
+5 2
+2 2
+1 2
-1 4
+27 16

fl=(65) /build/buildd/eglibc-2.19/csu/../csu/init-first.c
fn=(266) _init
52 8
+6 3
+14 1
fi=(66) /build/buildd/eglibc-2.19/csu/../sysdeps/generic/dl-hash.h
-28 1
fe=(65)
+26 1
+1 1
fi=(67) /build/buildd/eglibc-2.19/csu/../sysdeps/unix/sysv/linux/x86_64/init-first.c
-33 1
fi=(66)
+7 1
fi=(67)
-7 1
fe=(65)
+34 1
fi=(67)
-34 2
fi=(66)
+5 1
+5 3
+1 2
+13 2
-17 3
+3 9
+1 6
+13 6
-17 9
+22 1
fi=(67)
-29 2
+2 2
-2 1
+2 2
cfi=(44)
cfn=(178)
calls=1 -13 
* 7
+1 2
+5 2
-3 2
+1 1
+2 1
cfi=(44)
cfn=(178)
calls=1 -19 
* 7
fe=(65)
+40 1
fi=(67)
-36 1
fe=(65)
+36 2
fi=(67)
-36 2
+1 2
+1 1
fe=(65)
+34 1
cfi=(68)
cfn=(272)
calls=1 -56 
* 48
+8 1
cfi=(70)
cfn=(276)
calls=1 -63 
* 16
+5 6
-34 1
-7 1
+7 4
fi=(67)
-23 2
fe=(65)

fl=(90)
fn=(376)
371 6
+13 1
-8 1
+8 1
+7 2
+1 2
-1 1
+1 10
cfi=(93)
cfn=(388)
calls=1 116 
* 9
+2 5
+16 2
-74 120
+16 60
-18 183
455 2
+6 2
+1 2
+2 1
+1 7
-80 5
cfi=(91)
cfn=(378)
calls=1 126 
* 57347
* 2
+1 4
-49 2
+1 2

fl=(46) /build/buildd/eglibc-2.19/string/../sysdeps/x86_64/multiarch/memmove.c
fn=(186) memcpy@GLIBC_2.2.5
49 1
-49 12

ob=(5) /usr/lib/valgrind/vgpreload_core-amd64-linux.so
fl=(64) ???
fn=(258) 0x0000000000000670
0 16

ob=(1)
fl=(27) /build/buildd/eglibc-2.19/string/../sysdeps/x86_64/multiarch/../strchr.S
fn=(72) index
24 10
+1 10
+1 10
+1 10
+1 10
+1 10
+1 10
+1 10
+1 10
+1 10
+1 10
+1 10
+1 10
+1 10
+1 10
+1 10
+1 10
+1 8
+4 8
+1 8
+1 8
+1 8
+2 8
+4 2
+1 2
+1 2
+1 2
+1 2
+1 2
+1 2
+1 2
+1 2
+1 2
+1 2
+1 2
+1 2
+1 2
+1 2
+1 2
+1 2
+1 2
+1 2
+1 2
+1 2
+1 2
+1 2
+1 2
+52 2
+4 2
+1 2
+1 2
+1 2
+2 2

fl=(35) /build/buildd/eglibc-2.19/elf/dl-cache.c
fn=(130) _dl_load_cache_lookup
182 16
+8 4
+3 6
+45 4
+6 6
+9 2
+6 4
-6 6
+6 2
cfi=(23) /build/buildd/eglibc-2.19/io/../sysdeps/unix/syscall-template.S
cfn=(64) access
calls=2 81 
* 18
* 2
+4 2
-10 2
+10 6
+15 242
cfn=(134) _dl_cache_libcmp
calls=15 138 
* 1156
* 75
-82 4
cfi=(31) /build/buildd/eglibc-2.19/elf/dl-misc.c
cfn=(132) _dl_sysdep_read_whole_file
calls=1 45 
* 67
+8 1
-8 1
+8 4
+1 4
cfi=(12) /build/buildd/eglibc-2.19/string/../string/memcmp.c
cfn=(26) bcmp
calls=1 315 
* 112
* 2
+7 1
-3 1
+3 3
+3 1
+1 2
-1 1
+1 1
+1 3
cfi=(12)
cfn=(26)
calls=1 +98 
* 111
* 2
+2 2
+59 34
cfn=(134)
calls=1 138 
* 72
* 6
cfn=(134)
calls=2 138 
* 217
* 10
-14 8
+14 2
-14 4
-1 6
+15 36
cfn=(134)
calls=1 138 
* 145
* 40
+16 4
+5 18
-21 6

fn=(134)
138 57
+1 46
+2 212
+2 106
-2 106
+2 8
+6 4
+2 4
-1 4
-1 4
+1 4
-1 4
+2 12
+2 20
+2 8
+6 204
+2 378
+4 87
+1 87
-29 174
+32 8
+1 8
-8 15
+8 30

fn=(244) _dl_unload_cache
309 4
-1 1
+3 2
cfi=(25) /build/buildd/eglibc-2.19/misc/../sysdeps/unix/syscall-template.S
cfn=(246) munmap
calls=1 81 
* 5
+1 1
+2 2

fl=(8) /build/buildd/eglibc-2.19/elf/../sysdeps/unix/sysv/linux/x86_64/brk.c
fn=(14) brk
31 1
-3 1
+3 6
+8 1
-6 2
+7 1

fl=(29) /build/buildd/eglibc-2.19/elf/dl-error.c
fn=(138) _dl_receive_error
205 10
+1 1
cfi=(2)
cfn=(92) _dl_initial_error_catch_tsd
calls=1 798 
* 2
+5 1
-1 1
-4 1
+9 1
+2 1
-3 1
+3 1
cfi=(2)
cfn=(140) version_check_doit
calls=1 657 
* 4003
+2 1
+1 1
+1 8

fn=(90) _dl_catch_error
163 10
+15 5
-3 10
+1 10
-13 10
+14 10
+1 5
+2 5
cfi=(2)
cfn=(92)
calls=5 798 
* 10
+2 5
-1 5
+4 5
-5 5
+2 5
+3 5
-4 5
+4 5
cfi=(30) /build/buildd/eglibc-2.19/setjmp/../sysdeps/x86_64/setjmp.S
cfn=(94) __sigsetjmp
calls=5 26 
* 95
* 15
+2 15
cfi=(33) /build/buildd/eglibc-2.19/elf/dl-deps.c
cfn=(122) openaux
calls=4 60 
* 11723
cfi=(2)
cfn=(96) map_doit
calls=1 625 
* 2458
+1 10
+2 5
+1 5
-3 5
+1 10
+1 5
+1 5
+8 20

fl=(36) /build/buildd/eglibc-2.19/elf/dl-tls.c
fn=(150) _dl_determine_tlsoffset
112 7
+6 3
+3 2
+36 1
-34 1
+34 2
+2 3
-2 1
-2 1
-40 1
-1 1
-1 2
+44 6
+5 1
-1 1
+5 2
-4 1
-1 1
+7 1
-7 1
+3 2
+2 1
+2 1
-2 2
+16 5
+2 1
+1 1
-1 2
+10 1
-12 4
+15 4
+1 1
+51 1
+1 8

fn=(152) _dl_allocate_tls_storage
328 1
+13 1
-13 2
+2 1
+11 2
cfi=(15) /build/buildd/eglibc-2.19/elf/dl-minimal.c
cfn=(40) __libc_memalign
calls=1 51 
* 51
* 1
+1 1
-1 1
+1 1
+7 1
+4 306
-58 1
+1 1
-1 1
+1 2
cfi=(15)
cfn=(32) calloc
calls=1 102 
* 43
* 1
+1 2
+9 1
-6 1
+6 1
+64 5

fn=(136) _dl_next_tls_modid
50 1
+3 3
+48 2
+4 2

fn=(190) _dl_add_to_slotinfo
831 3
+9 1
-9 1
+6 2
+8 5
+41 1
+1 3
+1 4

fn=(240) _dl_allocate_tls_init
376 7
+1 1
-1 1
+1 1
+4 2
+3 1
-1 1
-2 1
+8 3
+5 7
+6 7
+22 2
+1 4
+2 2
+9 1
-8 1
+8 2
-8 1
+8 1
+1 1
+1 3
cfi=(24) /build/buildd/eglibc-2.19/string/../sysdeps/x86_64/memcpy.S
cfn=(66) mempcpy
calls=1 61 
* 23
* 5
cfi=(26) /build/buildd/eglibc-2.19/string/../sysdeps/x86_64/rtld-memset.S
cfn=(70) memset
calls=1 30 
* 166
* 3
-42 5
+6 2
+3 1
+1 2
+6 1
+3 1
-3 2
+3 1
-1 2
+38 2
+2 1
+1 8

fl=(13) /build/buildd/eglibc-2.19/elf/dl-object.c
fn=(28) _dl_new_object
61 56
+1 4
cfi=(9) /build/buildd/eglibc-2.19/string/../sysdeps/x86_64/multiarch/../rtld-strlen.S
cfn=(18) strlen
calls=4 -36 
* 210
+6 4
-6 16
+6 44
+7 16
cfi=(15)
cfn=(32)
calls=4 +27 
* 198
* 4
+3 4
-3 4
+3 4
+4 4
+5 8
-6 4
+6 4
-5 4
+4 8
+1 4
cfi=(16) /build/buildd/eglibc-2.19/string/../sysdeps/x86_64/multiarch/../memcpy.S
cfn=(42) memcpy
calls=4 -26 
* 111
* 4
+10 8
-8 4
+9 4
-1 8
+1 8
-1 4
+1 8
+3 4
-3 4
+3 4
+9 4
-7 4
+4 4
+3 9
+2 2
-2 2
+2 30
-2 30
+12 4
+6 4
-5 4
-1 4
+6 12
-2 4
+2 8
+2 9
+3 9
+4 9
+4 9
+2 1
+6 1
+3 2
+3 5
-3 6
+3 15
+2 3
+4 3
-4 3
cfi=(9)
cfn=(18)
calls=3 26 
* 207
* 6
+4 3
-4 3
+4 9
+64 6
+4 32
-88 9
-39 9
+39 3
+70 9
cfi=(24)
cfn=(66)
calls=3 61 
* 97
* 3
+5 50
+1 50
-1 50
+1 53
-1 3
+1 9
+5 6
-57 6
cfi=(15)
cfn=(36) malloc
calls=3 -72 
* 102
* 3
+1 3
-1 3
+1 9

fn=(44) _dl_add_to_namespace_list
32 8
+2 4
-2 12
+2 4
cfi=(2)
cfn=(46)
calls=4 838 
* 8
+2 29
+4 6
-1 27
+2 3
+2 3
+4 3
+4 3
-4 6
+1 6
+1 6
+2 3
+1 9
-1 3
cfi=(2)
cfn=(48)
calls=3 844 
* 6
-4 1
+4 1
-4 2
+1 2
+1 2
+2 1
+1 3
-1 1
cfi=(2)
cfn=(48)
calls=1 844 
* 2
-5 2

fl=(34) /build/buildd/eglibc-2.19/io/../sysdeps/unix/sysv/linux/wordsize-64/xstat.c
fn=(128) _xstat
34 4
-1 4
+1 4
+1 24
+4 1
-4 12

fl=(92)
fn=(386)
182 5
+1 4
+1 16
+1 2
+3 2
+4 1
-9 9

fl=(63) /build/buildd/eglibc-2.19/elf/dl-init.c
fn=(252) call_init.part.0
34 40
+8 5
-8 5
+11 5
-3 10
+3 15
+5 12
+5 6
+8 6
+1 18
cob=(2)
cfi=(14)
cfn=(288)
calls=1 -64 
* 6
cob=(3)
cfi=(65)
cfn=(266)
calls=1 -12 
* 181
cob=(2)
cfi=(14)
cfn=(254)
calls=1 -64 
* 6
+3 3
+1 6
+6 3
+2 6
-2 6
+3 15
+1 12
cob=(4) /lib/x86_64-linux-gnu/libm-2.19.so
cfi=(57) ???
cfn=(292) 0x00000000000059d0
calls=1 -78 
* 16
cob=(3)
cfi=(71)
cfn=(278)
calls=1 550 
* 1045
cob=(5)
cfi=(64)
cfn=(258)
calls=1 -78 
* 16
* 4
cob=(3)
cfi=(73)
cfn=(286)
calls=1 -45 
* 4
* 4
-1 8
+3 24
-29 2
+29 6
-34 3

fn=(250) _dl_init
86 11
+1 1
+1 1
+3 3
+7 4
+27 18
+1 15
-90 26
cfn=(252)
calls=4 -2 
* 1421
* 4
+96 8
-96 3
cfn=(252)
calls=1 -2 
* 77
+58 2

fl=(23)
fn=(64)
81 16
+2 20

fn=(106) read
81 12
+1 3

fn=(104) open
81 36
+1 4
+1 25

fn=(118) close
81 16
+1 4

fl=(33)
fn=(120) _dl_map_object_deps
147 1
+1 1
-1 2
+1 1
-1 1
+1 1
-1 1
+1 2
-1 5
+1 1
-1 1
+1 2
+14 1
-2 1
+1 1
-13 1
+14 1
+6 3
+10 1
-10 1
+10 3
-14 1
-4 1
+2 1
+17 1
-17 1
-2 2
+2 1
-2 1
+2 1
-2 1
+1 1
+1 1
+6 3
+10 1
-10 1
+10 3
-16 3
+20 1
+21 1
+1 1
-22 2
+19 1
-12 1
+15 1
-16 1
+13 1
343 9
209 1
+8 1
-4 1
+4 1
-8 4
+8 4
-4 4
+4 4
+12 10
+2 3
+11 3
-5 3
-6 6
+5 3
+2 6
+1 6
+3 12
-32 3
+32 6
+50 8
+1 6
-51 308
+1 154
+6 20
cfi=(27)
cfn=(72)
calls=4 24 
* 116
* 8
+5 20
-3 4
+3 4
cfi=(29)
cfn=(90)
calls=4 -91 
* 11967
+2 12
+15 4
+2 8
+5 3
+6 3
-6 6
+3 3
+1 3
+1 3
+1 3
+4 15
-2 12
-57 8
-19 2
471 10
+2 9
+3 6
-1 3
cfi=(15)
cfn=(36)
calls=3 93 
* 102
* 3
+2 3
-2 3
+2 3
+3 3
+1 12
+1 3
-1 6
cfi=(16)
cfn=(42)
calls=3 61 
* 64
+1 12
cfi=(16)
cfn=(42)
calls=3 61 
* 64
+4 3
-1 3
+5 20
+3 12
-1 5
+1 10
202 1
497 6
+1 2
+3 5
+11 3
-1 1
cfi=(15)
cfn=(36)
calls=1 93 
* 34
* 1
+3 1
-3 1
+3 1
+5 7
+1 4
+2 11
+6 12
+4 4
-10 4
+10 4
-10 9
+6 3
+4 1
-10 1
+10 1
-10 3
+13 2
+51 6
+2 3
+42 2
+1 1
-1 6
+1 1
cfi=(26)
cfn=(70)
calls=1 30 
* 16
* 1
-2 10
+13 1
-6 1
-1 1
+1 1
+6 2
-13 9
+13 3
-6 3
-1 3
+1 3
+6 9
+2 12
+1 6
-1 12
+1 9
+3 18
-1 27
+23 6
-28 12
+31 12
+3 30
cfi=(26)
cfn=(70)
calls=3 30 
* 30
* 21
217 10
+1 22
+2 3
+2 9
+2 26
658 2
+25 2
+2 1
+1 1
-1 1
+2 3
+7 3
+3 2
+3 8
295 219
623 7
cfi=(16)
cfn=(42)
calls=1 61 
* 42
+2 1
-38 1
+38 2

fn=(122)
60 8
+7 4
-4 12
+1 4
-1 4
+1 4
-1 20
cfi=(21) /build/buildd/eglibc-2.19/elf/dl-load.c
cfn=(98) _dl_map_object
calls=4 2317 
* 11655
* 4
+5 8

fl=(37) /build/buildd/eglibc-2.19/elf/dl-version.c
fn=(142) _dl_check_all_versions
380 6
+4 4
-2 2
+4 35
cfn=(144) _dl_check_map_versions
calls=5 174 
* 3904
-2 5
+2 15
-1 5
-1 10
+5 7

fn=(144)
174 45
+15 5
-15 10
+15 10
+2 5
+3 5
-3 5
+2 5
+1 5
+2 5
-3 5
+3 5
+3 12
+4 18
+17 3
56 3
220 3
56 3
220 3
56 15
220 1
56 1
220 1
56 1
220 1
56 5
+1 12
-1 24
+2 48
cfi=(31)
cfn=(100) _dl_name_match_p
calls=16 288 
* 1052
* 36
228 12
+5 28
+19 2
-15 82
cfn=(146) match_symbol
calls=2 76 
* 274
* 12
cfn=(146)
calls=4 76 
* 762
* 6
+7 24
+3 22
+9 16
+5 1
+1 1
-79 2
-8 2
+95 15
+3 9
+10 30
-7 120
+3 90
-3 12
+3 9
+8 5
+86 5
-86 5
+87 8
-81 16
cfi=(15)
cfn=(32)
calls=4 102 
* 172
* 4
+1 4
-2 4
+2 4
+11 4
-3 4
+3 8
+2 12
+3 12
+4 12
+18 2
-15 6
+2 6
-2 12
+2 12
+2 6
+1 6
-1 12
+1 6
-1 6
+1 6
+1 6
-2 6
+2 12
+1 18
+3 18
+8 12
+5 1
+1 1
+4 12
+3 12
+20 30
-14 30
-2 30
+2 33
-2 3
+2 3
+4 30
+2 30
-1 60
+1 30
-1 90
+1 30
+1 30
+3 99
+10 4
-1 4
+1 28

fn=(146)
76 66
+9 6
-8 6
-1 12
+1 6
+8 6
+6 18
+15 6
+1 12
+2 6
+5 12
+14 74
+12 93
+4 31
-30 62
+16 6
+3 24
cfi=(17) /build/buildd/eglibc-2.19/string/../sysdeps/x86_64/multiarch/../strcmp.S
cfn=(50) strcmp
calls=6 -2 
* 530
* 12
+35 48

fl=(10) /build/buildd/eglibc-2.19/elf/../misc/sbrk.c
fn=(20) sbrk
34 4
+8 6
+4 2
+11 5

fl=(1) ???
fn=(0) 0x00000000000012d0
0 2
cfi=(2)
cfn=(2) _dl_start
calls=1 362 
0 117726
0 14
cfi=(63)
cfn=(250)
calls=1 86 
0 1594
0 3
cob=(6)
cfi=(74)
cfn=(302) 0x0000000000400850
calls=1 0 
0 3624848364

fl=(12)
fn=(26)
315 16
+3 16
-3 80
+4 16
-4 16
+7 32
+4 18
+2 1
+1 1
+1 1
+1 1
+2 2
-5 1
+1 1
+1 1
+1 1
+2 2
+2 2
-9 6
+16 6
+1 12
-1 12
129 21
-18 9
346 6
+4 3
+2 3
-2 6
+1 3
+5 26
+2 11
+1 11
+1 11
+3 119
-3 67
-2 67
+1 67
+4 134
-7 154
+12 12
+1 128
228 3
-7 3
+1 3
+4 3
+2 3
-6 3
+4 3
+2 15
-95 3
+1 3
+1 3
+1 3
+1 3
+48 3
-2 3
+1 3
+1 21
-80 3
+1 6
+4 6
-5 12
+1 24
+4 27
234 3
+2 3
-4 3
+1 3
+4 3
-2 3
+56 6
-2 3
+2 6
-1 3
+1 6
+1 6
+12 18
+1 6
-6 6

fl=(25)
fn=(68) mmap
81 55
+1 11

fn=(246)
81 4
+1 1

fn=(114) mprotect
81 32
+1 8

fl=(16)
fn=(42)
61 19
+2 19
+2 19
+3 19
+1 19
+2 5
+1 5
+2 5
+1 5
+5 5
+1 5
-1 14
+1 14
+2 5
+1 5
+2 5
+1 10
+5 5
+1 5
-1 14
+1 14
+2 4
+1 4
+2 4
+1 4
+5 4
+1 4
-1 15
+1 15
+2 12
+1 12
+2 12
+1 12
+5 12
+1 12
-1 7
+1 15
+5 8
+1 8
+1 8
+1 8
+2 8
+2 8
+1 8
+2 8
+8 19
+8 6
+6 6
+2 6
+1 6
+3 3
+1 6
+5 3
+1 3
+2 3
+2 3
+1 3
+2 3
-8 9
+1 9
+2 9
+2 9
+1 9
+2 12
+9 3
+1 3
-1 3
+1 3
+3 6
+1 6
+1 6
+5 4
+2 4
+1 4
+1 4
+1 4
+2 4
+1 4
+1 4
+1 4
+2 4
+1 4
+2 4
+22 6
+6 6
+1 6

fl=(31)
fn=(100)
288 450
+1 180
cfi=(17)
cfn=(50)
calls=90 131 
* 637
* 90
+1 90
-1 90
+3 90
+2 180
+4 90
-4 180
+1 288
cfi=(17)
cfn=(50)
calls=96 131 
* 1664
* 192
-5 6
+11 114
-1 84
+1 336

fn=(132)
45 1
+7 1
-7 3
+7 1
-7 1
+1 1
-1 2
+7 1
cfi=(23)
cfn=(104)
calls=1 +29 
* 5
+1 1
-1 1
+1 1
+2 4
cfi=(32) /build/buildd/eglibc-2.19/io/../sysdeps/unix/sysv/linux/wordsize-64/fxstat.c
cfn=(112) _fxstat
calls=1 -21 
* 10
* 2
+2 1
+3 1
-3 1
+3 1
+13 2
cfi=(23)
cfn=(118)
calls=1 +8 
* 5
+3 7
-14 6
cfi=(25)
cfn=(68)
calls=1 +19 
* 6
* 2

fl=(9)
fn=(18)
26 17
+1 17
+1 17
+1 17
+2 10
+1 10
+2 10
+1 10
-1 29
+1 29
+1 38
+1 38
+1 38
+2 32
+5 16
+1 16
+1 16
+1 16
+3 16
-6 4
+1 4
+1 4
+1 4
+3 4
+1 19
+1 19
+1 19
+2 19
+3 15
+1 15
+1 15
+1 15
+3 15
+1 10
+1 10
+1 10
+2 10
+3 8
+1 8
+1 8
+1 8
+3 8
+1 8
+1 8
+1 8
+2 8
+3 8
+1 8
+1 8
+1 8
+3 8
+1 6
+1 6
+1 6
+2 8
+3 2
+2 2
+1 2
-3 14
+2 14
+1 14
+1 16
+2 16
+1 16
+1 14
+2 14
+1 14
+1 12
+2 12
+1 12
+1 12
+2 12
+2 12
+1 12
+1 10
+2 10
+1 10
+1 9
+2 9
+1 9
+1 5
+2 5
+1 5
-1 12
+1 12

fl=(11) /build/buildd/eglibc-2.19/elf/dl-environ.c
fn=(24) _dl_next_ld_env_entry
30 3
+3 11
+2 120
+11 58
-13 174
-2 1
+19 1
-14 22
+5 2
-3 2
+3 2
+2 2

fl=(49)
fn=(200)
34 11
+2 11
+1 11
+1 11
+1 11
+1 11
+1 11
+1 11
+1 11
+1 11
+1 11
cfi=(50) /build/buildd/eglibc-2.19/elf/../elf/dl-runtime.c
cfn=(202) _dl_fixup
calls=11 +21 
* 9982
+1 11
+1 11
+1 11
+1 11
+1 11
+1 11
+1 11
+1 11
+1 11
+2 11

fl=(20) /build/buildd/eglibc-2.19/posix/../sysdeps/unix/syscall-template.S
fn=(58) uname
81 4
+1 1

fl=(19) /build/buildd/eglibc-2.19/elf/../sysdeps/unix/sysv/linux/dl-sysdep.c
fn=(56) _dl_discover_osversion
45 7
+2 3
+85 8
-45 3
cfi=(20)
cfn=(58)
calls=1 -6 
* 5
* 1
+15 1
-15 1
+20 1
-1 1
+3 12
+4 3
-2 6
+2 10
+2 1
+1 2
-3 4
+7 3
-1 3
+4 3
-2 3
+2 10
+5 2

fl=(39) /build/buildd/eglibc-2.19/elf/dl-reloc.c
fn=(158) _dl_relocate_object
154 50
+15 5
-15 10
+15 5
+1 20
+6 10
+6 15
-18 10
+22 10
+7 10
-32 5
+77 5
fi=(5) /build/buildd/eglibc-2.19/elf/../sysdeps/x86_64/dl-machine.h
71 5
fe=(39)
238 10
fi=(5)
71 15
fe=(39)
264 228
-99 20
fi=(5)
276 32
fe=(39)
-12 4
fi=(4) /build/buildd/eglibc-2.19/elf/do-rel.h
48 4
fe=(39)
264 4
fi=(4)
58 4
fe=(39)
264 4
fi=(4)
47 8
+11 8
fe=(39)
264 1
-99 5
fi=(5)
276 8
fe=(39)
-12 1
fi=(4)
48 1
fe=(39)
264 1
fi=(4)
58 1
fe=(39)
264 1
fi=(4)
47 2
+11 2
fe=(39)
264 5
fi=(4)
48 5
fe=(39)
264 5
fi=(4)
58 5
fe=(39)
264 5
fi=(4)
47 10
+11 10
+3 16
fi=(5)
503 78
+4 78
+2 117
+1 39
fi=(4)
61 168
+2 174
+2 61
-4 6
+13 8
+1 10
+1 38
fi=(5)
503 19
+24 19
fi=(4)
75 19
fi=(5)
527 19
+2 19
cob=(4)
cfi=(51) /build/buildd/eglibc-2.19/math/../sysdeps/x86_64/fpu/multiarch/s_sin.c
cfn=(236) sin
calls=1 24 
* 16
cob=(4)
cfi=(62) /build/buildd/eglibc-2.19/math/../sysdeps/x86_64/fpu/multiarch/e_atan2.c
cfn=(232) __atan2_finite
calls=1 15 
* 16
cob=(4)
cfi=(59) /build/buildd/eglibc-2.19/math/../sysdeps/x86_64/fpu/multiarch/e_asin.c
cfn=(230) __asin_finite
calls=1 14 
* 13
cob=(4)
cfi=(61) /build/buildd/eglibc-2.19/math/../sysdeps/x86_64/fpu/multiarch/s_floor.S
cfn=(228) floor
calls=1 25 
* 12
cob=(4)
cfi=(60) /build/buildd/eglibc-2.19/math/../sysdeps/x86_64/fpu/multiarch/s_floorf.S
cfn=(226) floorf
calls=1 25 
* 12
cob=(4)
cfi=(59)
cfn=(224) __acos_finite
calls=1 10 
* 13
cob=(4)
cfi=(58) /build/buildd/eglibc-2.19/math/../sysdeps/x86_64/fpu/multiarch/s_rintf.S
cfn=(222) rintf
calls=1 25 
* 12
cob=(4)
cfi=(56) /build/buildd/eglibc-2.19/math/../sysdeps/x86_64/fpu/multiarch/e_log.c
cfn=(218) __log_finite
calls=1 15 
* 16
cob=(4)
cfi=(55) /build/buildd/eglibc-2.19/math/../sysdeps/x86_64/fpu/multiarch/e_pow.c
cfn=(216) __pow_finite
calls=1 8 
* 13
cob=(4)
cfi=(54) /build/buildd/eglibc-2.19/math/../sysdeps/x86_64/fpu/multiarch/s_ceil.S
cfn=(214) ceil
calls=1 25 
* 12
cob=(4)
cfi=(53) /build/buildd/eglibc-2.19/math/../sysdeps/x86_64/fpu/multiarch/s_ceilf.S
cfn=(212) ceilf
calls=1 25 
* 12
cob=(4)
cfi=(52) /build/buildd/eglibc-2.19/math/../sysdeps/x86_64/fpu/multiarch/s_rint.S
cfn=(210) rint
calls=1 25 
* 12
cob=(4)
cfi=(51)
cfn=(208) cos
calls=1 20 
* 16
cob=(4)
cfi=(48) /build/buildd/eglibc-2.19/math/../sysdeps/x86_64/fpu/multiarch/e_exp.c
cfn=(192) __exp_finite
calls=1 15 
* 1128
cob=(3)
cfi=(46)
cfn=(186)
calls=1 49 
* 13
cob=(3)
cfi=(45)
cfn=(182)
calls=1 31 
* 68
cob=(3)
cfi=(40)
cfn=(180)
calls=1 140 
* 6
cob=(3)
cfi=(42)
cfn=(174)
calls=1 37 
* 68
cob=(3)
cfi=(40)
cfn=(170)
calls=1 114 
* 100
fi=(4)
75 19
fi=(5)
530 19
fi=(4)
75 23
fe=(39)
264 6
fi=(4)
75 8
fe=(39)
264 24
+3 15
+28 5
+3 10
+17 15
+2 40
fi=(4)
84 6
+2 12
+12 6
-15 6
+15 6
-15 6
+15 6
+10 8
+3 11
fi=(5)
487 3
fi=(4)
112 6
fi=(5)
487 1200
fi=(4)
112 2388
fi=(5)
487 2388
+5 2394
+1 2394
fi=(4)
111 2394
fi=(5)
493 1197
fi=(4)
111 1197
+7 18
+3 5
+3 5
-3 5
+3 5
fi=(5)
422 4
fi=(4)
50 4
fi=(5)
422 4
fi=(4)
51 4
fi=(5)
422 16
fi=(4)
127 424
+9 212
+3 212
fi=(5)
244 106
fi=(4)
138 106
-2 106
+1 424
fi=(5)
244 106
+21 212
+4 212
+7 2040
fi=(4)
137 85
+1 85
fi=(5)
276 170
fi=(4)
137 85
fi=(5)
276 283
fi=(4)
137 7
+1 7
fi=(5)
276 14
fi=(4)
137 7
fi=(5)
276 1217
cfi=(6) /build/buildd/eglibc-2.19/elf/dl-lookup.c
cfn=(164) _dl_lookup_symbol_x
calls=92 714 
* 58605
* 460
+2 285
+3 100
-3 200
+3 300
+6 742
fe=(39)
183 10
+81 5
fi=(5)
77 8
+4 12
+14 4
-8 4
+8 8
+13 8
+3 16
410 276
fi=(4)
124 334
+19 8
fi=(5)
276 33
382 33
+4 55
+5 55
-71 2
+1 3
449 6
+4 12
cfi=(16)
cfn=(42)
calls=2 61 
* 36
+2 6
+1 2
fi=(4)
108 3
fe=(39)
323 10
+1 5
+1 5
-1 5
-1 10
+2 5
+3 10
+1 15
cfi=(25)
cfn=(114)
calls=5 81 
* 25
* 10
fi=(4)
160 8
+2 20
+8 10
+1 5
-1 5
+1 5
fi=(5)
+73 5
fi=(4)
-74 10
fi=(5)
+74 5
+21 10
+4 10
+7 135
cfi=(6)
cfn=(164)
calls=5 714 
* 2739
* 20
+2 15
+3 1
-3 2
+3 3
+6 35
410 15
fi=(4)
160 15
+14 5
fi=(5)
276 86
fe=(39)

fl=(32)
fn=(112)
34 4
-1 4
+1 4
+1 24
+4 4

fl=(26)
fn=(70)
30 12
+1 12
+1 12
+1 2230
+1 12
+1 12

fl=(7) /build/buildd/eglibc-2.19/elf/../elf/dl-sysdep.c
fn=(242) _dl_sysdep_start_cleanup
256 1

fn=(12) _dl_sysdep_start
86 7
+25 1
-1 1
+1 1
-25 1
+25 189
+6 1
-3 1
+1 1
-4 1
+3 1
+3 4
+1 6
-1 3
-29 1
-1 2
+31 105
-1 82
fi=(19)
-82 2
cfi=(8)
cfn=(14)
calls=1 -4 
* 12
fi=(5)
200 5
fe=(7)
+34 2
cfi=(10)
cfn=(20)
calls=1 34 
* 17
* 3
+12 3
+3 6
cfi=(2)
cfn=(22) dl_main
calls=1 891 
* 116379
+1 1
+1 8
151 1
+1 1
+27 1
+1 1
-17 1
+1 1
-7 1
+1 1
-4 1
+1 1
-25 1
+1 1
-4 1
+1 1
-7 1
+1 1
+2 1
+1 1
232 1
cfi=(9)
cfn=(18)
calls=1 26 
* 39
* 2

fl=(21)
fn=(60) _dl_init_paths
714 1
+13 2
-13 8
+13 3
cfi=(22) /build/buildd/eglibc-2.19/elf/dl-hwcaps.c
cfn=(62) _dl_important_hwcaps
calls=1 39 
* 351
+5 1
-5 1
+5 1
cfi=(15)
cfn=(36)
calls=1 93 
* 34
* 1
+1 1
-1 1
-1 1
+2 1
+8 1
-1 1
+1 4
-1 4
+5 2
cfi=(15)
cfn=(36)
calls=1 93 
* 55
* 1
+2 1
-3 1
+3 2
+29 1
-12 1
-10 1
+11 1
+3 2
+8 1
-12 1
+3 2
-14 1
+9 1
+5 3
+9 2
-7 27
cfi=(26)
cfn=(70)
calls=4 30 
* 88
+7 16
-12 3
+12 6
-14 3
+3 6
-1 3
+3 3
-5 3
+6 12
+4 3
-3 3
+3 6
-3 3
-7 6
+25 1
-11 1
+6 1
+1 1
+5 2
+2 4
+2 3
+38 4
+8 3
cfi=(27)
cfn=(72)
calls=1 24 
* 23
* 2
+2 2
cfi=(9)
cfn=(18)
calls=1 26 
* 59
* 8
cfi=(16)
cfn=(42)
calls=1 61 
* 31
* 1
+17 3
-1 2
+3 1
+1 3
+1 1
-4 3
+2 13
+1 39
+1 13
-4 40
+8 1
cfi=(15)
cfn=(36)
calls=1 93 
* 34
* 1
+1 1
-2 1
+2 1
+6 8
cfn=(74) fillin_rpath
calls=1 486 
* 681
+4 3
+6 1
+4 8
-75 1
-2 1
+2 2
+14 2

fn=(108) _dl_map_object_from_fd
923 36
+11 3
-11 3
+11 3
-11 6
+11 3
cfi=(28) /build/buildd/eglibc-2.19/elf/dl-debug.c
cfn=(84) _dl_debug_initialize
calls=3 50 
* 24
+4 9
-4 3
+4 3
cfi=(32)
cfn=(112)
calls=3 34 
* 30
* 6
+11 21
+1 9
-1 27
+1 36
+17 6
+25 6
+10 6
+22 12
+32 6
935 3
1059 21
cfi=(13)
cfn=(28)
calls=3 61 
* 1466
+1 3
-1 3
+1 3
+11 6
+5 3
-5 3
+1 6
+1 3
+2 3
-2 3
+2 12
+1 9
+1 3
+24 6
+8 3
-8 27
+8 3
-8 3
+8 3
+89 3
-95 3
-1 3
+96 3
1092 3
1198 6
+8 15
-96 45
-1 208
+1 160
+6 6
+1 9
+1 3
+3 4
+1 2
+5 30
+6 12
+1 6
-1 24
+8 6
+2 12
-2 6
+1 6
+4 6
-5 12
+1 12
+1 6
+1 6
+3 6
+4 6
-9 6
+2 6
+1 6
+1 6
+1 6
+4 6
+1 9
+5 6
-16 3
+16 15
+10 3
-10 6
-16 3
+16 15
+10 3
+3 3
+5 1
-1 1
+3 1
-1 1
-1 1
+1 1
+3 3
+1 2
+3 2
+4 4
+6 1
cfi=(36)
cfn=(136)
calls=1 50 
* 8
* 2
+1 1
+60 6
+1 9
+1 3
-6 6
+1 12
+8 9
+13 24
+2 6
+14 3
+5 18
cfi=(25)
cfn=(68)
calls=3 81 
* 18
+4 3
-4 3
+4 3
+7 3
+1 3
-1 3
+1 3
+2 3
-3 3
+1 3
+2 3
+10 3
+2 3
+33 18
+1 9
+2 12
+8 24
+6 3
+2 3
-2 3
+1 3
+2 3
-1 3
+1 3
-1 9
+8 6
+3 6
+11 21
cfi=(26)
cfn=(70)
calls=3 30 
* 1990
+1 15
+5 6
+15 6
-74 30
+2 12
+2 24
cfi=(25)
cfn=(68)
calls=3 81 
* 18
* 6
-30 3
-1 15
cfi=(25)
cfn=(114)
calls=3 81 
* 15
* 3
1072 3
1418 12
+9 6
fi=(3) /build/buildd/eglibc-2.19/elf/get-dynamic-info.h
38 3
fe=(21)
1427 3
fi=(3)
38 3
+6 3
-2 3
+2 6
+7 3
+5 3
+3 3
-1 3
-3 3
-3 62
+10 14
-18 42
+8 56
+10 56
-18 168
+18 3
-18 9
+2 146
+5 68
+2 12
+16 6
+20 11
+1 12
+1 12
+1 12
+2 12
+5 12
+1 11
+1 12
+6 9
+5 6
+7 6
+1 9
+16 9
+5 2
+2 2
-2 2
+2 2
+2 4
+2 4
+3 9
+10 1
-8 2
+9 2
-1 1
+5 2
+3 6
fe=(21)
1433 6
+16 9
+19 6
+2 15
+55 9
+1 2
+3 2
cfi=(23)
cfn=(118)
calls=1 81 
* 5
* 4
cfi=(23)
cfn=(118)
calls=2 81 
* 10
* 6
+8 15
+3 9
+2 3
-2 3
+2 3
+16 6
cfi=(6)
cfn=(10) _dl_setup_hash
calls=3 859 
* 75
+4 6
+1 6
+17 6
+1 1
+3 1
+5 1
-5 1
+1 2
+4 1
-5 2
+5 2
-5 2
+1 4
+4 2
+10 9
cfi=(13)
cfn=(44)
calls=3 32 
* 132
+4 12
+20 24
fi=(3)
56 12
+3 12
+1 3
+1 12
fe=(21)
1356 5
+2 1
-1 3
+1 2
-1 1
+1 2
-1 2
+3 4
+43 8
cfi=(25)
cfn=(68)
calls=1 81 
* 6
+3 2
1537 6
474 4

fn=(124) open_path
2168 16
+1 2
-1 10
+7 2
-7 2
+1 2
+6 2
+5 4
-7 2
+7 2
-8 2
+8 6
+74 2
-74 2
+74 2
-22 4
-52 2
+52 6
-40 2
-9 2
+9 2
+7 8
cfi=(24)
cfn=(66)
calls=2 61 
* 62
+1 2
-1 2
+1 6
-13 4
+33 8
-20 19
+3 16
+4 40
cfi=(24)
cfn=(66)
calls=5 61 
* 99
* 20
cfi=(24)
cfn=(66)
calls=5 61 
* 115
* 5
+3 5
+3 10
+3 30
cfn=(126) open_verify.constprop.6
calls=5 1871 
* 195
* 5
+2 15
+26 4
+2 3
-21 8
+1 36
+6 8
+2 12
-2 4
+2 4
cfi=(34)
cfn=(128)
calls=4 34 
* 49
* 8
+1 1
+2 1
-2 1
+2 8
+7 2
-44 2
+37 6
+7 6
-44 7
+85 10
+7 2
-2 2
+2 6
+3 6
-13 2
+27 19
-72 6

fn=(78) expand_dynamic_string_token
415 16
+10 6
cfi=(27)
cfn=(72)
calls=2 24 
* 70
* 4
161 4
cfi=(9)
cfn=(18)
calls=2 26 
* 125
* 2
+1 4
cfi=(15)
cfn=(36)
calls=2 -69 
* 68
* 2
+2 4
+3 6
440 10
167 2
cfi=(16)
cfn=(42)
calls=2 61 
* 78

fn=(98)
2317 40
+7 5
-7 10
+7 5
+1 10
+3 45
+12 28
-12 42
+5 48
+1 32
+2 48
cfi=(31)
cfn=(100)
calls=16 288 
* 1009
* 34
2607 40
2362 6
+10 18
+26 6
-2 3
+2 3
cfi=(27)
cfn=(72)
calls=3 24 
* 69
* 6
2538 6
cfn=(78)
calls=1 415 
* 239
+1 1
-3 1
+4 1
-1 2
+4 6
cfn=(102) open_verify
calls=1 1873 
* 447
+3 1
-3 1
+3 1
+12 12
+2 6
+44 3
+1 24
-1 3
+1 9
cfn=(108)
calls=3 923 
* 6393
* 3
2402 4
cfi=(9)
cfn=(18)
calls=2 26 
* 119
* 2
+2 2
-2 2
+2 2
+7 8
+35 4
+1 30
cfn=(124)
calls=2 2168 
* 965
* 6
+6 12
691 2
2454 2
691 4
2530 4
-95 8
+21 4
+6 8
+2 6
+4 4
cfi=(35)
cfn=(130)
calls=2 182 
* 2484
+2 2
-2 2
+2 2
+4 6
+8 4
+22 18
cfn=(126)
calls=2 1871 
* 1058
+3 6
161 6
cfi=(9)
cfn=(18)
calls=2 26 
* 156
* 2
+1 4
cfi=(15)
cfn=(36)
calls=2 -69 
* 68
* 2
+2 6
+3 8
cfi=(16)
cfn=(42)
calls=2 61 
* 138
2510 2
-1 2
+1 4
-74 14
691 2
2437 2
691 4
2415 2
+8 6
-7 6
-1 2
+8 16
-3 6
691 2
2421 2
691 4
2341 42
+3 6
+2 6
-1 12
+1 6
cfi=(17)
cfn=(50)
calls=6 131 
* 105
* 12

fn=(102)
1873 10
+36 1
-36 2
+36 2
+21 4
cfi=(23)
cfn=(104)
calls=1 81 
* 5
+1 1
-1 1
+1 1
+10 1
+1 2
+5 6
cfi=(23)
cfn=(106)
calls=1 81 
* 5
+2 2
+2 1
+2 1
-2 2
+2 1
+6 2
+16 5
cfi=(12)
cfn=(26)
calls=1 315 
* 88
* 2
+2 1
-2 2
+4 4
cfi=(12)
cfn=(26)
calls=1 315 
* 80
-4 2
+75 2
+5 2
+3 4
+5 2
+7 1
+1 1
-1 4
+1 3
+1 1
+15 61
+2 19
+4 4
+1 2
+13 1
+1 1
+2 1
-3 1
+1 1
-1 1
+1 1
-2 1
+4 2
-7 4
cfi=(12)
cfn=(26)
calls=1 315 
* 80
* 2
-97 3
2154 8

fn=(126)
1871 70
+38 7
-38 7
+38 14
+21 28
cfi=(23)
cfn=(104)
calls=7 81 
* 55
+1 7
-1 7
+1 7
+10 2
+1 4
+5 12
cfi=(23)
cfn=(106)
calls=2 81 
* 10
+2 4
+2 2
+2 2
-2 4
+2 2
+6 4
+16 10
cfi=(12)
cfn=(26)
calls=2 315 
* 176
* 4
+2 2
-2 4
+4 8
cfi=(12)
cfn=(26)
calls=2 315 
* 160
-4 4
+75 4
+5 4
+3 8
+5 4
+7 2
+1 2
-1 10
+1 6
+1 2
-2 2
+17 90
+2 34
+4 8
+1 4
+13 2
+1 2
+2 2
-3 2
+1 2
-1 2
+1 2
-2 2
+4 4
+5 2
+1 2
-13 8
cfi=(12)
cfn=(26)
calls=2 315 
* 146
* 8
cfi=(12)
cfn=(26)
calls=2 315 
* 160
* 8
+16 4
+6 2
-3 2
+1 2
+1 2
+1 4
+1 8
-4 2
+1 2
+1 2
-1 6
-1 2
+4 4
+5 5
+23 56

fn=(74)
486 8
+2 1
-2 9
+5 1
cfi=(15)
cfn=(76) strsep
calls=1 338 
* 237
* 3
+4 4
cfn=(78)
calls=1 -80 
* 162
+2 1
-2 1
+2 1
cfi=(9)
cfn=(18)
calls=1 26 
* 44
+4 1
-4 1
+4 1
+7 6
+34 2
+4 3
+1 3
-1 1
+1 1
-2 1
cfi=(15)
cfn=(36)
calls=1 93 
* 34
* 1
+3 1
-3 1
+3 3
+5 1
+1 3
-2 1
+2 1
cfi=(24)
cfn=(66)
calls=1 61 
* 31
+3 1
-3 1
+3 1
-2 1
+2 1
+6 4
+1 14
+1 10
+3 1
-1 2
+1 1
+7 1
+1 1
-1 1
+4 3
+2 2
cfi=(15)
cfn=(82) free
calls=1 121 
* 6
* 1
* 2
-90 1
cfi=(15)
cfn=(76)
calls=1 338 
* 6
* 2
+94 1
+3 9
-65 18
+1 8
-16 2
+5 2
+3 5
+26 2
+31 2

fl=(30)
fn=(94)
26 5
+9 5
+1 10
+1 5
+4 5
+1 5
+1 5
+1 5
+1 5
+2 10
+2 5
+1 5
+3 10
+2 5
+4 5
+1 5

fl=(28)
fn=(84)
50 10
+5 8
+5 2
-1 1
+1 2
+1 2
-1 2
-9 5
+4 10
+4 1
-1 1
-58 5

fn=(86) _dl_debug_state
74 2

fl=(22)
fn=(62)
39 8
+3 1
-1 1
+1 1
+9 1
-12 3
+3 1
-3 1
+3 1
+9 2
+10 4
+31 2
+23 3
cfi=(23)
cfn=(64)
calls=1 -34 
* 9
* 2
-2 1
+17 6
+3 2
+29 2
+8 2
+2 4
+1 4
+4 2
+4 1
-3 1
-1 1
+4 1
+3 2
+4 5
+1 1
-1 7
+1 1
+18 12
+1 4
cfi=(15)
cfn=(36)
calls=1 93 
* 34
* 1
+1 1
-1 1
+1 3
+29 1
+3 1
-3 2
+3 1
+28 9
+1 2
-1 2
+1 6
-1 8
+5 6
+3 1
-3 1
+3 2
-3 1
+3 1
-3 2
+3 1
-3 1
+3 2
-3 1
+3 3
+1 12
+1 4
-1 4
+1 8
-2 4
+1 8
-1 14
+4 4
+3 1
+2 2
-1 1
-1 2
+2 10
+13 2
+1 1
-1 1
+3 2
-3 2
+1 1
-1 1
+3 2
+3 3
+3 1
-1 1
+1 7
145 2
-14 2
243 3
cfi=(24)
cfn=(66)
calls=1 61 
* 22
+1 2
-1 2
+1 1
cfi=(24)
cfn=(66)
calls=1 61 
* 22
* 4

fl=(2)
fn=(48)
844 10

fn=(140)
657 2
+2 4
cfi=(37)
cfn=(142)
calls=1 380 
* 3993
* 2
+4 2

fn=(148) init_tls
724 1
-1 1
-6 1
+2 2
+4 1
+10 4
cfi=(15)
cfn=(32)
calls=1 102 
* 43
* 1
+11 1
-15 1
+3 1
+6 1
+2 1
-11 1
+15 1
+2 1
-1 1
+1 12
+2 10
+4 1
+2 1
-2 2
-5 10
+9 3
+3 1
cfi=(36)
cfn=(150)
calls=1 112 
* 73
+7 1
cfi=(36)
cfn=(152)
calls=1 328 
* 428
+1 1
-1 1
+1 1
+6 1
+8 1
-8 1
+8 6
+4 1
+2 1
+1 2

fn=(2)
362 9
+18 4
fi=(3)
44 1
fe=(2)
380 1
fi=(5)
58 3
fi=(3)
-14 1
fe=(2)
409 1
-3 1
fi=(3)
44 1
+17 2
-3 1
-7 1
+5 1
+3 1
+2 1
-3 1
-3 1
-3 2
-5 26
+15 13
-18 39
+18 1
-18 3
+2 36
+5 20
+1 16
+10 4
-18 12
+25 2
+20 4
+1 4
+1 4
+1 4
+2 4
+5 4
+1 4
+1 4
+6 3
+5 2
+7 3
+1 3
+8 3
+2 3
+3 2
+1 2
fe=(2)
537 2
+7 1
285 2
+12 2
cfi=(6)
cfn=(10)
calls=1 859 
* 25
+1 2
+1 2
+1 2
+1 2
+21 1
+10 1
-10 3
+10 1
-6 1
-4 1
+10 1
cfi=(7)
cfn=(12)
calls=1 86 
* 116906
* 1
+9 4
+3 1
+4 1
-4 1
+4 1
569 9
fi=(3)
53 4
+3 4
fe=(2)
542 34
fi=(4)
84 1
+27 1
-28 1
+28 2
+1 2
fi=(5)
492 2
fi=(4)
112 18
fi=(5)
492 18
+1 20
fi=(4)
111 20
fi=(5)
493 10
fi=(4)
111 10
+5 2
+8 1
fi=(5)
287 1
fi=(4)
124 2
+13 1
+2 2
-2 1
fi=(5)
241 1
fi=(4)
137 1
fi=(5)
269 1
fi=(4)
137 2
fi=(5)
269 1
fi=(4)
137 8
+2 16
-2 8
fi=(5)
241 8
fi=(4)
137 8
fi=(5)
269 8
fi=(4)
137 16
fi=(5)
269 8
+9 18
+3 9
-3 18
+3 27
+6 54
fi=(3)
59 4
+1 1
+1 2
fe=(2)
285 73
fi=(5)
391 9
+9 9
fi=(4)
124 28
fe=(2)

fn=(22)
891 1
+19 1
-19 9
+19 1
+3 1
2492 1
891 1
2492 1
913 1
+4 1
-26 1
+26 1
+1 2
+5 2
2485 2
+7 1
-4 1
+4 1
-5 1
+5 9
+2 2
cfi=(11)
cfn=(24)
calls=1 30 
* 74
* 4
cfi=(11)
cfn=(24)
calls=2 30 
* 324
* 9
+4 48
+1 19
-1 57
+3 4
+6 16
+76 4
cfi=(12)
cfn=(26)
calls=1 315 
* 120
* 2
+2 3
-55 4
cfi=(12)
cfn=(26)
calls=1 315 
* 26
* 2
2660 3
+33 3
933 4
1132 7
cfi=(13)
cfn=(28)
calls=1 61 
* 248
+2 1
-2 1
+2 1
+1 1
+1 1
+5 2
-5 1
+1 3
+4 1
cfi=(13)
cfn=(44)
calls=1 32 
* 34
+1 2
900 1
1171 1
-3 1
-5 1
+1 1
+2 1
+5 6
+56 2
897 1
1227 2
-55 24
-1 27
+1 47
-1 2
1274 3
+3 2
+2 2
+2 2
+13 3
+1 8
cfi=(17)
cfn=(50)
calls=1 131 
* 7
* 3
+7 1
+3 1
-5 1
+3 1
+2 1
+1 2
+4 2
+2 2
fi=(3)
29 1
+9 2
+6 1
-2 1
+2 2
+7 1
+5 1
+3 1
+2 1
-3 1
-3 1
-3 14
+10 3
-18 9
+8 20
+10 20
-18 60
+18 1
-18 3
+2 48
+5 16
+2 4
+16 3
+38 3
+5 2
+7 2
+1 3
+16 3
+14 3
+18 2
fe=(2)
1317 2
cfi=(6)
cfn=(10)
calls=1 859 
* 25
+3 4
fi=(18) /build/buildd/eglibc-2.19/elf/setup-vdso.h
24 2
fe=(2)
1342 1
cfi=(19)
cfn=(56)
calls=1 45 
* 93
* 8
1176 3
+1 1
+90 2
+1 2
+1 1
-6 2
+1 1
-37 2
-1 2
+1 4
-1 2
+2 4
+1 1
+3 2
+1 2
-1 2
+1 2
+1 2
+1 6
+1 2
-43 1
-2 2
+27 1
-25 1
+7 2
-10 1
+10 1
-19 3
+1 1
fi=(3)
56 4
+3 4
+1 1
+1 3
fe=(2)
2537 4
cfi=(12)
cfn=(26)
calls=1 315 
* 80
* 2
+2 3
1347 2
cfi=(21)
cfn=(60)
calls=1 714 
* 1697
+3 3
cfi=(28)
cfn=(84)
calls=1 50 
* 17
+7 1
-7 1
+2 1
+5 1
+3 3
+1 1
+3 1
-3 3
+1 2
+3 1
+5 1
-7 1
+7 1
+1 5
+4 1
+4 1
-2 4
+1 2
+1 3
+5 2
+1 6
+2 2
+1 2
+5 2
+5 3
906 1
1579 3
+3 2
+4 3
+5 2
+1 1
cfi=(28)
cfn=(86)
calls=1 74 
* 1
+5 3
+15 3
+4 3
+31 3
cfi=(23)
cfn=(64)
calls=1 81 
* 9
* 2
+77 4
+17 3
+1 1
-1 1
+1 2
-1 1
+1 5
cfi=(33)
cfn=(120)
calls=1 147 
* 13979
+1 1
+5 1
-5 3
+2 2
+3 4
+1 4
-1 2
+1 16
-1 8
+4 3
+1 3
+1 1
+2 2
+1 5
-1 5
+1 6
-1 9
-28 1
+1 1
-1 7
+4 1
+1 1
-1 1
+2 2
+1 2
+35 1
-1 2
+1 1
+2 1
+2 3
+2 1
-4 2
+5 1
-1 2
+14 2
+1 2
+1 3
+12 1
+1 1
-2 1
+2 1
-2 1
+2 1
-2 1
+2 1
-2 1
+2 1
cfi=(29)
cfn=(138)
calls=1 205 
* 4033
+10 1
+1 1
-1 1
+1 1
+1 1
cfn=(148)
calls=1 724 
* 621
* 1
+2 2
+3 1
cfn=(154) security_init
calls=1 851 
* 22
+2 2
2054 3
+56 1
+4 1
+7 1
-11 1
+4 3
+4 2
+3 1
+8 2
+95 4
+1 1
+5 2
cfi=(36)
cfn=(240)
calls=1 376 
* 275
+4 2
+14 3
+2 2
+29 1
cfi=(7)
cfn=(242)
calls=1 256 
* 1
+4 3
+20 3
cfi=(28)
cfn=(84)
calls=1 50 
* 8
+1 1
+1 1
cfi=(28)
cfn=(86)
calls=1 74 
* 1
+5 1
cfi=(35)
cfn=(244)
calls=1 309 
* 15
+5 8
-65 2
+15 1
+3 1
-3 1
+3 1
-3 2
+3 2
-3 1
+2 1
+1 1
cfi=(39)
cfn=(158)
calls=1 154 
* 6745
+1 4
+2 3
-96 3
+7 1
+2 11
+2 1
+2 15
+5 10
+2 10
+8 5
-2 5
+2 10
+1 32
cfi=(39)
cfn=(158)
calls=4 154 
* 83167
+4 17
-22 14
+25 4
+2 1
+6 1
-6 1
+6 1
-22 1
+1 1
-3 2
+14 2
cfi=(36)
cfn=(190)
calls=1 831 
* 20
* 1
-69 1
899 2
1767 2
+21 3
1623 2
cfi=(9)
cfn=(18)
calls=1 26 
* 100
* 8
cfi=(16)
cfn=(42)
calls=1 61 
* 87
* 1
+3 5
-12 1
+12 1
+3 3
cfi=(15)
cfn=(76)
calls=1 338 
* 765
* 3
cfi=(15)
cfn=(76)
calls=1 338 
* 6
* 6
+1 2
+1 3
+2 4
cfn=(88) do_preload
calls=1 804 
* 2547
* 2
1336 3
1635 1
+1 1
-1 3
+1 1
+1 3

fn=(46)
838 10

fn=(154)
851 2
+2 1
fi=(38) /build/buildd/eglibc-2.19/elf/../sysdeps/unix/sysv/linux/dl-osinfo.h
61 2
+23 2
+2 1
+7 1
fe=(2)
855 1
+6 2
+2 1
fi=(38)
101 2
+11 1
fe=(2)
866 1
+2 1
+6 1
+1 3

fn=(92)
798 12

fn=(96)
625 2
+2 7
cfi=(21)
cfn=(98)
calls=1 2317 
* 2446
* 1
+2 2

fn=(88)
804 1
+12 1
-12 5
+10 1
-4 1
+1 1
+5 4
-10 1
+6 1
+4 1
cfi=(29)
cfn=(90)
calls=1 163 
* 2519
+1 3
+8 3
+6 5

fl=(15)
fn=(32)
102 10
+7 30
-3 10
+3 20
+4 10
cfn=(36)
calls=10 -20 
* 366
* 10

fn=(36)
93 26
+1 52
cfn=(40)
calls=26 -43 
* 827
* 26

fn=(82)
121 1
-2 2
+2 1
+7 2

fn=(76)
338 8
+2 4
+1 8
+4 132
+7 366
-2 244
+10 61
-15 185
+18 2
+4 4

fn=(40)
51 108
+1 133
+11 26
+1 26
-1 26
+3 26
-3 26
+3 52
-3 1
+1 1
-1 1
+3 1
-3 1
+3 98
+4 12
+1 9
+6 21
cfi=(25)
cfn=(68)
calls=3 +4 
* 18
+2 15
+4 9
+3 3
+1 3
+2 15
-3 24
+1 24
+2 192
-31 3
+1 1
-2 3

fl=(6)
fn=(168) check_match.9458
131 686
+1 196
+2 196
+2 294
-2 196
+12 294
+3 312
cfi=(17)
cfn=(50)
calls=29 -18 
* 2025
* 58
+5 98
-1 98
+1 98
-1 98
+1 98
+2 194
+19 194
+1 776
+46 686
-18 2
+2 2
+1 3
-1 2
+1 1
-1 2
-29 291
cfi=(17)
cfn=(50)
calls=97 -46 
* 8454
* 194

fn=(10)
859 15
+4 5
+4 10
+2 5
-1 5
+3 15
+1 5
+1 10
+3 5
-1 5
-2 5
+3 5
+4 10
-2 5
+1 5
+1 10
+1 5

fn=(164)
714 1296
476 108
714 216
476 324
-1 216
+2 108
-1 108
+1 324
-1 324
+1 1294
-1 1294
+1 3882
-1 4098
716 108
+4 108
+4 108
-8 108
+1 216
+7 302
+5 108
+2 216
-2 108
+6 864
+2 1404
cfn=(166) do_lookup_x
calls=108 82 
* 49280
+3 216
+3 10
-8 40
-7 216
+38 216
+22 98
+1 686
+26 98
+9 490
+14 294
+3 392
+5 98
+2 864
-9 2
-71 70
+16 10
+1 20

fn=(166)
82 972
+1 108
-6 108
+5 324
-5 756
+12 108
229 108
+3 216
-3 108
+3 216
98 108
-3 108
+1 108
+2 108
+3 108
-3 108
+3 108
-3 329
-3 329
+1 329
+2 329
+3 329
-3 329
+3 329
+4 890
+4 870
+4 870
+6 1305
+4 870
+1 1305
225 435
+1 870
+4 870
-2 435
+5 1740
+4 870
-1 870
+1 435
-1 870
+21 337
+24 674
461 1863
+1 290
cfi=(31)
cfn=(100)
calls=58 288 
* 2700
* 348
+3 1017
+3 20
286 728
+4 238
+13 98
+1 98
-1 98
+1 98
+1 98
469 864
240 424
-1 212
+2 212
+2 315
+10 324
-7 1030
+2 196
+1 392
-1 196
+1 98
-1 392
+1 294
cfn=(168)
calls=98 131 
* 15548
+1 490

fl=(24)
fn=(66)
61 19
+4 19
+3 17
+1 17
+2 6
+1 6
+2 6
+1 6
+5 6
+1 6
-1 11
+1 11
+2 12
+1 12
+2 12
+1 12
+5 12
+1 12
-1 5
+1 5
+2 6
+1 6
+2 6
+1 6
+5 6
+1 6
-1 11
+1 11
+2 9
+1 9
+2 9
+1 18
+5 9
+1 9
-1 8
+1 10
+5 2
+1 2
+1 2
+1 2
+2 2
+2 2
+1 2
+2 2
+6 17
+4 17
+12 3
+2 3
+1 3
+26 3
+1 3
+3 3
+1 3
+1 3
+5 3
+2 3
+1 3
+1 3
+1 3
+2 3
+1 3
+1 3
+1 3
+2 3
+1 3
+2 3
+22 3
+2 3
+2 2
+7 2

fl=(17)
fn=(50)
131 325
+1 325
+1 325
+1 176
+1 176
+1 176
+1 176
cfn=(51) strcmp'2
calls=176 -6 
* 11147
+5 149
+1 149
+1 149
+1 149

fn=(51)
131 1553
+1 1553
+1 1553
+1 1515
+1 1515
+1 1515
+1 1515
cfn=(51)
calls=1377 -6 
* 57856
+2 138
+1 138
+2 38
+1 38
+1 38
+1 38

fl=(50)
fn=(202)
66 22
+6 22
-6 33
+3 11
-1 11
+1 11
+3 11
+1 11
-1 22
+1 55
+1 11
-1 11
+1 22
+5 22
+4 22
+4 33
+4 22
+1 44
+2 44
+7 33
-1 11
+8 22
+3 99
cfi=(6)
cfn=(164)
calls=11 714 
* 8998
* 11
+4 33
+4 44
+6 66
+16 11
-8 11
+8 33
+4 33
fi=(5)
+65 11
fe=(50)
-61 55
fi=(84) /build/buildd/eglibc-2.19/elf/../sysdeps/x86_64/dl-irel.h
32 1
cob=(3)
cfi=(42)
cfn=(174)
calls=1 +5 
* 68
* 2
fe=(50)

ob=(6)
fl=(80)
fn=(336)
58 5
+5 1
+1 1
+1 1
+1 2
+1 2
+3 2
+6 5
cob=(3)
cfi=(81)
cfn=(342)
calls=1 -49 
* 256
cob=(1)
cfi=(49)
cfn=(200)
calls=1 -42 
* 892
* 5
* 1
+1 2
+7 2
cob=(7) /usr/lib/valgrind/callgrind-amd64-linux
cfi=(85) ???
cfn=(354) 0x000000003805d55d
calls=1 -84 
* 3
cob=(1)
cfi=(49)
cfn=(200)
calls=1 -50 
* 931
* 5
* 2
cob=(3)
cfi=(86)
cfn=(362)
calls=1 210 
* 10537
cob=(1)
cfi=(49)
cfn=(200)
calls=1 -50 
* 874
* 5
+3 2
cob=(3)
cfi=(88)
cfn=(372)
calls=1 2876 
* 58993
cob=(1)
cfi=(49)
cfn=(200)
calls=1 -53 
* 898
* 5
* 1
+1 2
+1 7055917
cob=(3)
cfi=(97)
cfn=(404)
calls=7055917 -63 
* 331400489
cob=(1)
cfi=(49)
cfn=(200)
calls=1 -55 
* 860
* 7055921
* 134062423
+1 7055917
cob=(3)
cfi=(97)
cfn=(404)
calls=7055917 -64 
* 331400489
* 7055917
* 134062423
+1 21167751
cfn=(408) zeroDist
calls=7055917 -57 
* 2582468071
* 21167751
+1 5540144
+2 5540144
-6 22160576
+6 1515772
-6 6063091

fn=(410) dist
30 35279585
+1 63503253
cob=(4)
cfi=(98) /build/buildd/eglibc-2.19/math/w_pow.c
cfn=(416) pow
calls=7055917 -5 
* 381019518
cob=(1)
cfi=(49)
cfn=(200)
calls=1 +3 
* 729
* 7055921
* 70559170
cob=(4)
cfi=(98)
cfn=(416)
calls=7055917 -5 
* 381019518
* 7055917
* 14111834
cob=(4)
cfi=(101) /build/buildd/eglibc-2.19/math/w_sqrt.c
cfn=(428) sqrt
calls=7055917 -4 
* 35279585
cob=(1)
cfi=(49)
cfn=(200)
calls=1 +3 
* 744
* 7055921
* 14111834
+1 28223668

fn=(408)
34 28223668
+3 14111834
+1 7055917
+3 14111834
cob=(3)
cfi=(88)
cfn=(372)
calls=7055917 2876 
* 684424045
* 7055917
* 7055917
+1 14111834
+4 21167751
+1 21167751
+3 35279585
cfn=(410)
calls=7055917 -20 
* 1044277197
* 21167751
+1 21167751
cob=(3)
cfi=(88)
cfn=(436)
calls=7055917 2917 
* 599752945
cob=(1)
cfi=(49)
cfn=(200)
calls=1 -17 
* 868
* 7055921
+2 7055917
+2 28223668

fl=(74)
fn=(316)
0 16
cob=(2)
cfi=(14)
cfn=(318)
calls=1 0 
0 6
0 7
cfn=(322) 0x0000000000400910
calls=1 0 
0 15
0 11

fn=(302)
0 11
cob=(3)
cfi=(75)
cfn=(310)
calls=1 133 
0 3624847293
cob=(1)
cfi=(49)
cfn=(200)
calls=1 34 
0 1055
0 5

fn=(322)
0 15

ob=(7)
fl=(85)
fn=(354)
0 3

ob=(4)
fl=(98)
fn=(416)
26 42335502
+1 42335502
cfi=(99) /build/buildd/eglibc-2.19/math/../sysdeps/ieee754/dbl-64/e_pow.c
cfn=(420) __ieee754_pow_sse2
calls=14111834 +37 
* 465690522
* 14111834
fi=(100) /build/buildd/eglibc-2.19/math/../sysdeps/ieee754/dbl-64/wordsize-64/math_private.h
+5 14111834
fe=(98)
-4 14111834
fi=(100)
+3 14111834
+1 14111834
fe=(98)
-4 56447336
+30 42335502
+15 28223668
-15 14111834

fl=(53)
fn=(212)
25 1
cob=(3)
cfi=(41)
cfn=(206)
calls=1 200 
* 5
* 1
+1 1
+1 1
+1 1
+1 1
+2 1

fl=(59)
fn=(230)
14 2
cob=(3)
cfi=(41)
cfn=(206)
calls=1 200 
* 5
* 1
* 5

fn=(224)
10 2
cob=(3)
cfi=(41)
cfn=(206)
calls=1 200 
* 5
* 1
* 5

fl=(99)
fn=(420)
64 70559170
+5 28223668
+1 28223668
+1 28223668
191 56447336
73 56447336
+2 42335502
+2 42335502
+2 28223668
-3 14111834
+1 14111834
+2 14111834
+1 42335502

fl=(58)
fn=(222)
25 1
cob=(3)
cfi=(41)
cfn=(206)
calls=1 200 
* 5
* 1
+1 1
+1 1
+1 1
+1 1
+2 1

fl=(61)
fn=(228)
25 1
cob=(3)
cfi=(41)
cfn=(206)
calls=1 200 
* 5
* 1
+1 1
+1 1
+1 1
+1 1
+2 1

fl=(62)
fn=(232)
15 1
-15 1
fi=(57)
cob=(3)
cfi=(41)
cfn=(206)
calls=1 200 
0 5
fi=(57)
0 1
fe=(62)
0 8

fl=(56)
fn=(218)
15 1
-15 1
fi=(57)
cob=(3)
cfi=(41)
cfn=(206)
calls=1 200 
0 5
fi=(57)
0 1
fe=(56)
0 8

fl=(48)
fn=(192)
15 2
cob=(3)
cfi=(41)
cfn=(206)
calls=1 200 
* 5
cob=(1)
cfi=(49)
cfn=(200)
calls=1 +19 
* 1108
* 5
* 8

fl=(52)
fn=(210)
25 1
cob=(3)
cfi=(41)
cfn=(206)
calls=1 200 
* 5
* 1
+1 1
+1 1
+1 1
+1 1
+2 1

fl=(55)
fn=(216)
8 2
cob=(3)
cfi=(41)
cfn=(206)
calls=1 200 
* 5
* 1
* 5

fl=(54)
fn=(214)
25 1
cob=(3)
cfi=(41)
cfn=(206)
calls=1 200 
* 5
* 1
+1 1
+1 1
+1 1
+1 1
+2 1

fl=(60)
fn=(226)
25 1
cob=(3)
cfi=(41)
cfn=(206)
calls=1 200 
* 5
* 1
+1 1
+1 1
+1 1
+1 1
+2 1

fl=(51)
fn=(208)
20 2
cob=(3)
cfi=(41)
cfn=(206)
calls=1 200 
* 5
* 1
* 8

fn=(236)
24 1
-24 1
fi=(57)
cob=(3)
cfi=(41)
cfn=(206)
calls=1 200 
0 5
fi=(57)
0 1
fe=(51)
0 8

fl=(57)
fn=(292)
0 16

fl=(101)
fn=(428)
27 21167751
fi=(102) /build/buildd/eglibc-2.19/math/../sysdeps/x86_64/fpu/math_private.h
+31 7055917
fe=(101)
-27 7055917

totals: 3624967703
