version: 1
creator: callgrind-3.10.1
pid: 4990
cmd:  ./pi 13000000
part: 1


desc: I1 cache: 
desc: D1 cache: 
desc: LL cache: 

desc: Timerange: Basic block 0 - 444813899
desc: Trigger: Program termination

positions: line
events: Ir
summary: 2111166747


ob=(4) /usr/lib/valgrind/vgpreload_core-amd64-linux.so
fl=(49) ???
fn=(210) 0x0000000000000670
0 16

ob=(6) /usr/lib/valgrind/callgrind-amd64-linux
fl=(72) ???
fn=(300) 0x000000003805d55d
0 3

ob=(2) ???
fl=(14) ???
fn=(264) 0x0000000000400618
0 6

fn=(206) 0x0000000004a25560
0 6

ob=(5) /home/user/Documents/CSCI3308/CSCI3308/LAB/Lab9-DynamicAnalysis/CU-CSCI3308-DynamicPractice/pi
fl=(59) ???
fn=(262) __libc_csu_init
0 16
cob=(2)
cfi=(14)
cfn=(264)
calls=1 0 
0 6
0 7
cfn=(268) 0x00000000004007c0
calls=1 0 
0 15
0 11

fn=(242) 0x0000000000400700
0 11
cob=(3) /lib/x86_64-linux-gnu/libc-2.19.so
cfi=(62) /build/buildd/eglibc-2.19/csu/libc-start.c
cfn=(256) (below main)
calls=1 133 
0 2111066689
cob=(1) /lib/x86_64-linux-gnu/ld-2.19.so
cfi=(60) /build/buildd/eglibc-2.19/elf/../sysdeps/x86_64/dl-trampoline.S
cfn=(250) _dl_runtime_resolve
calls=1 34 
0 932
0 5

fn=(268)
0 15

fl=(67) /home/user/Documents/CSCI3308/CSCI3308/LAB/Lab9-DynamicAnalysis/CU-CSCI3308-DynamicPractice/pi.c
fn=(354) zeroDist
34 21434900
+3 10717450
+1 5358725
+3 10717450
cob=(3)
cfi=(75) /build/buildd/eglibc-2.19/malloc/malloc.c
cfn=(318) malloc
calls=5358725 2876 
* 519796421
* 5358725
* 5358725
+1 10717450
+4 16076175
+1 16076175
+3 26793625
cfn=(356) dist
calls=5358725 -20 
* 155403025
* 16076175
+1 16076175
cob=(3)
cfi=(75)
cfn=(362) free
calls=5358725 2917 
* 455491625
cob=(1)
cfi=(60)
cfn=(250)
calls=1 -17 
* 745
* 5358729
+2 5358725
+2 21434900

fn=(282) main
58 5
+5 1
+1 1
+1 1
+1 2
+1 2
+3 2
+6 5
cob=(3)
cfi=(68) /build/buildd/eglibc-2.19/stdlib/atol.c
cfn=(288) atol
calls=1 -49 
* 256
cob=(1)
cfi=(60)
cfn=(250)
calls=1 -42 
* 769
* 5
* 1
+1 2
+7 2
cob=(6)
cfi=(72)
cfn=(300)
calls=1 -84 
* 3
cob=(1)
cfi=(60)
cfn=(250)
calls=1 -50 
* 808
* 5
* 2
cob=(3)
cfi=(73) /build/buildd/eglibc-2.19/stdlib/random.c
cfn=(308) srand
calls=1 210 
* 10537
cob=(1)
cfi=(60)
cfn=(250)
calls=1 -50 
* 751
* 5
+3 2
cob=(3)
cfi=(75)
cfn=(318)
calls=1 2876 
* 58877
cob=(1)
cfi=(60)
cfn=(250)
calls=1 -53 
* 775
* 5
* 1
+1 2
+1 5358725
cob=(3)
cfi=(84) /build/buildd/eglibc-2.19/stdlib/rand.c
cfn=(350) rand
calls=5358725 -63 
* 251687213
cob=(1)
cfi=(60)
cfn=(250)
calls=1 -55 
* 737
* 5358729
* 101815775
+1 5358725
cob=(3)
cfi=(84)
cfn=(350)
calls=5358725 -64 
* 251687213
* 5358725
* 101815775
+1 16076175
cfn=(354)
calls=5358725 -57 
* 1323605920
* 16076175
+1 150
+2 150
-6 600
+6 5358574
-6 21434299

fn=(356)
30 21434900
+1 112533225
+1 21434900

ob=(1)
fl=(10) /build/buildd/eglibc-2.19/elf/../misc/sbrk.c
fn=(20) sbrk
34 4
+8 6
+4 2
+11 5

fl=(1) ???
fn=(0) 0x00000000000012d0
0 2
cfi=(2) /build/buildd/eglibc-2.19/elf/rtld.c
cfn=(2) _dl_start
calls=1 362 
0 97587
0 14
cfi=(48) /build/buildd/eglibc-2.19/elf/dl-init.c
cfn=(202) _dl_init
calls=1 86 
0 1504
0 3
cob=(5)
cfi=(59)
cfn=(242)
calls=1 0 
0 2111067637

fl=(12) /build/buildd/eglibc-2.19/string/../string/memcmp.c
fn=(26) bcmp
315 12
+3 12
-3 60
+4 12
-4 12
+7 24
+4 12
+2 1
+1 1
+1 1
+1 1
+2 2
-5 1
+1 1
+1 1
+1 1
+2 2
+2 2
-9 6
+16 4
+1 8
-1 8
129 14
-18 6
346 4
+4 2
+2 2
-2 4
+1 2
+5 20
+2 9
+1 9
+1 9
+3 96
-3 54
-2 54
+1 54
+4 108
-7 124
+12 9
+1 96
228 2
-7 2
+1 2
+4 2
+2 2
-6 2
+4 2
+2 10
-95 2
+1 2
+1 2
+1 2
+1 2
+48 2
-2 2
+1 2
+1 14
-80 2
+1 4
+4 4
-5 8
+1 16
+4 18
234 2
+2 2
-4 2
+1 2
+4 2
-2 2
+56 4
-2 2
+2 4
-1 2
+1 4
+1 4
+12 12
+1 4
-6 4

fl=(25) /build/buildd/eglibc-2.19/misc/../sysdeps/unix/syscall-template.S
fn=(198) munmap
81 4
+1 1

fn=(68) mmap
81 45
+1 9

fn=(114) mprotect
81 24
+1 6

fl=(16) /build/buildd/eglibc-2.19/string/../sysdeps/x86_64/multiarch/../memcpy.S
fn=(42) memcpy
61 15
+2 15
+2 15
+3 14
+1 14
+2 4
+1 4
+2 4
+1 4
+5 4
+1 4
-1 10
+1 10
+2 4
+1 4
+2 4
+1 8
+5 4
+1 4
-1 10
+1 10
+2 3
+1 3
+2 3
+1 3
+5 3
+1 3
-1 11
+1 11
+2 9
+1 9
+2 9
+1 9
+5 9
+1 9
-1 5
+1 10
+5 5
+1 5
+1 5
+1 5
+2 5
+2 5
+1 5
+2 5
+8 14
+8 5
+6 5
+2 5
+1 5
+3 2
+1 4
+5 2
+1 2
+2 2
+2 2
+1 2
+2 2
-8 7
+1 7
+2 7
+2 7
+1 7
+2 9
+9 2
+1 2
-1 3
+1 3
+3 5
+1 5
+1 5
+5 4
+2 4
+1 4
+1 4
+1 4
+2 4
+1 4
+1 4
+1 4
+2 4
+1 4
+2 4
+22 5
+6 5
+1 5
+2 1

fl=(31) /build/buildd/eglibc-2.19/elf/dl-misc.c
fn=(100) _dl_name_match_p
288 225
+1 90
cfi=(17) /build/buildd/eglibc-2.19/string/../sysdeps/x86_64/multiarch/../strcmp.S
cfn=(50) strcmp
calls=45 131 
* 322
* 45
+1 45
-1 45
+3 45
+2 90
+4 46
-4 92
+1 147
cfi=(17)
cfn=(50)
calls=49 131 
* 748
* 98
-5 3
+11 57
-1 42
+1 168

fn=(132) _dl_sysdep_read_whole_file
45 1
+7 1
-7 3
+7 1
-7 1
+1 1
-1 2
+7 1
cfi=(23) /build/buildd/eglibc-2.19/io/../sysdeps/unix/syscall-template.S
cfn=(104) open
calls=1 +29 
* 5
+1 1
-1 1
+1 1
+2 4
cfi=(32) /build/buildd/eglibc-2.19/io/../sysdeps/unix/sysv/linux/wordsize-64/fxstat.c
cfn=(112) _fxstat
calls=1 -21 
* 10
* 2
+2 1
+3 1
-3 1
+3 1
+13 2
cfi=(23)
cfn=(118) close
calls=1 +8 
* 5
+3 7
-14 6
cfi=(25)
cfn=(68)
calls=1 +19 
* 6
* 2

fl=(39) /build/buildd/eglibc-2.19/elf/dl-reloc.c
fn=(158) _dl_relocate_object
154 40
+15 4
-15 8
+15 4
+1 16
+6 8
+6 12
-18 8
+22 8
+7 8
-32 4
+77 4
fi=(5) /build/buildd/eglibc-2.19/elf/../sysdeps/x86_64/dl-machine.h
71 4
fe=(39)
238 8
fi=(5)
71 12
fe=(39)
264 180
-99 15
fi=(5)
276 24
fe=(39)
-12 3
fi=(4) /build/buildd/eglibc-2.19/elf/do-rel.h
48 3
fe=(39)
264 3
fi=(4)
58 3
fe=(39)
264 3
fi=(4)
47 6
+11 6
fe=(39)
264 1
-99 5
fi=(5)
276 8
fe=(39)
-12 1
fi=(4)
48 1
fe=(39)
264 1
fi=(4)
58 1
fe=(39)
264 1
fi=(4)
47 2
+11 2
fe=(39)
264 4
fi=(4)
48 4
fe=(39)
264 4
fi=(4)
58 4
fe=(39)
264 4
fi=(4)
47 8
+11 8
+3 12
fi=(5)
503 42
+4 42
+2 63
+1 21
fi=(4)
61 75
+2 78
+2 17
-4 3
+13 6
+1 5
+1 10
fi=(5)
503 5
+24 5
fi=(4)
75 5
fi=(5)
527 5
+2 5
cob=(3)
cfi=(46) /build/buildd/eglibc-2.19/string/../sysdeps/x86_64/multiarch/memmove.c
cfn=(186) memcpy@GLIBC_2.2.5
calls=1 49 
* 13
cob=(3)
cfi=(45) /build/buildd/eglibc-2.19/time/../sysdeps/unix/sysv/linux/x86_64/gettimeofday.c
cfn=(182) gettimeofday
calls=1 31 
* 68
cob=(3)
cfi=(40) /build/buildd/eglibc-2.19/string/../sysdeps/x86_64/multiarch/strcmp.S
cfn=(180) strncasecmp
calls=1 140 
* 6
cob=(3)
cfi=(42) /build/buildd/eglibc-2.19/time/../sysdeps/unix/sysv/linux/x86_64/time.c
cfn=(174) time
calls=1 37 
* 68
cob=(3)
cfi=(40)
cfn=(170) strcasecmp
calls=1 114 
* 100
fi=(4)
75 5
fi=(5)
530 5
fi=(4)
75 7
fe=(39)
264 3
fi=(4)
75 7
fe=(39)
264 21
+3 12
+28 4
+3 8
+17 12
+2 32
fi=(4)
84 5
+2 10
+12 5
-15 5
+15 5
-15 5
+15 5
+10 6
+3 8
fi=(5)
487 2
fi=(4)
112 4
fi=(5)
487 1196
fi=(4)
112 2384
fi=(5)
487 2384
+5 2388
+1 2388
fi=(4)
111 2388
fi=(5)
493 1194
fi=(4)
111 1194
+7 15
+3 4
+3 4
-3 4
+3 4
fi=(5)
422 3
fi=(4)
50 3
fi=(5)
422 3
fi=(4)
51 3
fi=(5)
422 12
fi=(4)
127 388
+9 194
+3 194
fi=(5)
244 97
fi=(4)
138 97
-2 97
+1 388
fi=(5)
244 97
+21 194
+4 194
+7 1849
fi=(4)
137 77
+1 77
fi=(5)
276 154
fi=(4)
137 77
fi=(5)
276 255
fi=(4)
137 6
+1 6
fi=(5)
276 12
fi=(4)
137 6
fi=(5)
276 1097
cfi=(6) /build/buildd/eglibc-2.19/elf/dl-lookup.c
cfn=(164) _dl_lookup_symbol_x
calls=83 714 
* 48784
* 415
+2 258
+3 95
-3 190
+3 285
+6 679
fe=(39)
183 8
+81 5
fi=(5)
77 6
+4 9
+14 3
-8 3
+8 6
+13 6
+3 12
410 252
fi=(4)
124 303
+19 6
fi=(5)
276 33
382 30
+4 50
+5 50
-71 2
+1 3
449 6
+4 12
cfi=(16)
cfn=(42)
calls=2 61 
* 36
+2 6
+1 2
fi=(4)
108 3
fe=(39)
323 8
+1 4
+1 4
-1 4
-1 8
+2 4
+3 8
+1 12
cfi=(25)
cfn=(114)
calls=4 81 
* 20
* 8
fi=(4)
160 8
+2 20
+8 10
+1 5
-1 5
+1 5
fi=(5)
+73 5
fi=(4)
-74 10
fi=(5)
+74 5
+21 10
+4 10
+7 135
cfi=(6)
cfn=(164)
calls=5 714 
* 2504
* 20
+2 15
+3 1
-3 2
+3 3
+6 35
410 15
fi=(4)
160 15
+14 5
fi=(5)
276 86
fe=(39)

fl=(9) /build/buildd/eglibc-2.19/string/../sysdeps/x86_64/multiarch/../rtld-strlen.S
fn=(18) strlen
26 13
+1 13
+1 13
+1 13
+2 7
+1 7
+2 7
+1 7
-1 23
+1 23
+1 29
+1 29
+1 29
+2 24
+5 12
+1 12
+1 12
+1 12
+3 12
-6 4
+1 4
+1 4
+1 4
+3 4
+1 13
+1 13
+1 13
+2 13
+3 13
+1 13
+1 13
+1 13
+3 13
+1 8
+1 8
+1 8
+2 8
+3 6
+1 6
+1 6
+1 6
+3 6
+1 6
+1 6
+1 6
+2 6
+3 6
+1 6
+1 6
+1 6
+3 6
+1 5
+1 5
+1 5
+2 6
+3 1
+2 1
+1 1
-3 11
+2 11
+1 11
+1 12
+2 12
+1 12
+1 10
+2 10
+1 10
+1 8
+2 8
+1 8
+1 8
+2 8
+2 8
+1 8
+1 7
+2 7
+1 7
+1 6
+2 6
+1 6
+1 4
+2 4
+1 4
-1 9
+1 9

fl=(11) /build/buildd/eglibc-2.19/elf/dl-environ.c
fn=(24) _dl_next_ld_env_entry
30 3
+3 11
+2 120
+11 58
-13 174
-2 1
+19 1
-14 22
+5 2
-3 2
+3 2
+2 2

fl=(20) /build/buildd/eglibc-2.19/posix/../sysdeps/unix/syscall-template.S
fn=(58) uname
81 4
+1 1

fl=(19) /build/buildd/eglibc-2.19/elf/../sysdeps/unix/sysv/linux/dl-sysdep.c
fn=(56) _dl_discover_osversion
45 7
+2 3
+85 8
-45 3
cfi=(20)
cfn=(58)
calls=1 -6 
* 5
* 1
+15 1
-15 1
+20 1
-1 1
+3 12
+4 3
-2 6
+2 10
+2 1
+1 2
-3 4
+7 3
-1 3
+4 3
-2 3
+2 10
+5 2

fl=(61) /build/buildd/eglibc-2.19/elf/../elf/dl-runtime.c
fn=(252) _dl_fixup
66 16
+6 16
-6 24
+3 8
-1 8
+1 8
+3 8
+1 8
-1 16
+1 40
+1 8
-1 8
+1 16
+5 16
+4 16
+4 24
+4 16
+1 32
+2 32
+7 24
-1 8
+8 16
+3 72
cfi=(6)
cfn=(164)
calls=8 714 
* 5759
* 8
+4 24
+4 32
+6 48
+16 8
-8 8
+8 24
+4 24
fi=(5)
+65 8
fe=(61)
-61 40
fi=(71) /build/buildd/eglibc-2.19/elf/../sysdeps/x86_64/dl-irel.h
32 1
cob=(3)
cfi=(42)
cfn=(174)
calls=1 +5 
* 68
* 2
fe=(61)

fl=(32)
fn=(112)
34 3
-1 3
+1 3
+1 18
+4 3

fl=(26) /build/buildd/eglibc-2.19/string/../sysdeps/x86_64/rtld-memset.S
fn=(70) memset
30 10
+1 10
+1 10
+1 2144
+1 10
+1 10

fl=(7) /build/buildd/eglibc-2.19/elf/../elf/dl-sysdep.c
fn=(12) _dl_sysdep_start
86 7
+25 1
-1 1
+1 1
-25 1
+25 189
+6 1
-3 1
+1 1
-4 1
+3 1
+3 4
+1 6
-1 3
-29 1
-1 2
+31 105
-1 82
fi=(19)
-82 2
cfi=(8) /build/buildd/eglibc-2.19/elf/../sysdeps/unix/sysv/linux/x86_64/brk.c
cfn=(14) brk
calls=1 -4 
* 12
fi=(5)
200 5
fe=(7)
+34 2
cfi=(10)
cfn=(20)
calls=1 34 
* 17
* 3
+12 3
+3 6
cfi=(2)
cfn=(22) dl_main
calls=1 891 
* 96240
+1 1
+1 8
151 1
+1 1
+27 1
+1 1
-17 1
+1 1
-7 1
+1 1
-4 1
+1 1
-25 1
+1 1
-4 1
+1 1
-7 1
+1 1
+2 1
+1 1
232 1
cfi=(9)
cfn=(18)
calls=1 26 
* 39
* 2

fn=(194) _dl_sysdep_start_cleanup
256 1

fl=(48)
fn=(204) call_init.part.0
34 32
+8 4
-8 4
+11 4
-3 8
+3 12
+5 9
+5 4
+8 4
+1 12
cob=(3)
cfi=(50) /build/buildd/eglibc-2.19/csu/../csu/init-first.c
cfn=(218) _init
calls=1 -12 
* 181
cob=(2)
cfi=(14)
cfn=(206)
calls=1 -64 
* 6
+3 2
+1 4
+6 2
+2 4
-2 4
+3 10
+1 8
cob=(3)
cfi=(56) /build/buildd/eglibc-2.19/string/../sysdeps/x86_64/multiarch/../cacheinfo.c
cfn=(230) init_cacheinfo
calls=1 550 
* 1045
cob=(4)
cfi=(49)
cfn=(210)
calls=1 -78 
* 16
* 4
cob=(3)
cfi=(58) /build/buildd/eglibc-2.19/elf/dl-altinit.c
cfn=(238) dlinit_alt
calls=1 -45 
* 4
* 3
-1 6
+3 18
-29 2
+29 6
-34 3

fn=(202)
86 11
+1 1
+1 1
+3 3
+7 4
+27 15
+1 12
-90 20
cfn=(204)
calls=3 -2 
* 1344
* 3
+96 8
-96 3
cfn=(204)
calls=1 -2 
* 77
+58 2

fl=(36) /build/buildd/eglibc-2.19/elf/dl-tls.c
fn=(150) _dl_determine_tlsoffset
112 7
+6 3
+3 2
+36 1
-34 1
+34 2
+2 3
-2 1
-2 1
-40 1
-1 1
-1 2
+44 6
+5 1
-1 1
+5 2
-4 1
-1 1
+7 1
-7 1
+3 2
+2 1
+2 1
-2 2
+16 5
+2 1
+1 1
-1 2
+10 1
-12 4
+15 4
+1 1
+51 1
+1 8

fn=(152) _dl_allocate_tls_storage
328 1
+13 1
-13 2
+2 1
+11 2
cfi=(15) /build/buildd/eglibc-2.19/elf/dl-minimal.c
cfn=(40) __libc_memalign
calls=1 51 
* 51
* 1
+1 1
-1 1
+1 1
+7 1
+4 306
-58 1
+1 1
-1 1
+1 2
cfi=(15)
cfn=(32) calloc
calls=1 102 
* 43
* 1
+1 2
+9 1
-6 1
+6 1
+64 5

fn=(192) _dl_allocate_tls_init
376 7
+1 1
-1 1
+1 1
+4 2
+3 1
-1 1
-2 1
+8 3
+5 7
+6 7
+22 2
+1 4
+2 2
+9 1
-8 1
+8 2
-8 1
+8 1
+1 1
+1 3
cfi=(24) /build/buildd/eglibc-2.19/string/../sysdeps/x86_64/memcpy.S
cfn=(66) mempcpy
calls=1 61 
* 23
* 5
cfi=(26)
cfn=(70)
calls=1 30 
* 166
* 3
-42 5
+6 2
+3 1
+1 2
+6 1
+3 1
-3 2
+3 1
-1 2
+38 2
+2 1
+1 8

fn=(136) _dl_next_tls_modid
50 1
+3 3
+48 2
+4 2

fn=(190) _dl_add_to_slotinfo
831 3
+9 1
-9 1
+6 2
+8 5
+41 1
+1 3
+1 4

fl=(21) /build/buildd/eglibc-2.19/elf/dl-load.c
fn=(102) open_verify
1873 10
+36 1
-36 2
+36 2
+21 4
cfi=(23)
cfn=(104)
calls=1 81 
* 5
+1 1
-1 1
+1 1
+10 1
+1 2
+5 6
cfi=(23)
cfn=(106) read
calls=1 81 
* 5
+2 2
+2 1
+2 1
-2 2
+2 1
+6 2
+16 5
cfi=(12)
cfn=(26)
calls=1 315 
* 88
* 2
+2 1
-2 2
+4 4
cfi=(12)
cfn=(26)
calls=1 315 
* 80
-4 2
+75 2
+5 2
+3 4
+5 2
+7 1
+1 1
-1 4
+1 3
+1 1
+15 61
+2 19
+4 4
+1 2
+13 1
+1 1
+2 1
-3 1
+1 1
-1 1
+1 1
-2 1
+4 2
-7 4
cfi=(12)
cfn=(26)
calls=1 315 
* 80
* 2
-97 3
2154 8

fn=(126) open_verify.constprop.6
1871 50
+38 5
-38 5
+38 10
+21 20
cfi=(23)
cfn=(104)
calls=5 81 
* 41
+1 5
-1 5
+1 5
+10 1
+1 2
+5 6
cfi=(23)
cfn=(106)
calls=1 81 
* 5
+2 2
+2 1
+2 1
-2 2
+2 1
+6 2
+16 5
cfi=(12)
cfn=(26)
calls=1 315 
* 88
* 2
+2 1
-2 2
+4 4
cfi=(12)
cfn=(26)
calls=1 315 
* 80
-4 2
+75 2
+5 2
+3 4
+5 2
+7 1
+1 1
-1 5
+1 3
+1 1
-2 1
+17 45
+2 17
+4 4
+1 2
+13 1
+1 1
+2 1
-3 1
+1 1
-1 1
+1 1
-2 1
+4 2
+5 1
+1 1
-13 4
cfi=(12)
cfn=(26)
calls=1 315 
* 73
* 4
cfi=(12)
cfn=(26)
calls=1 315 
* 80
* 4
+16 2
+6 1
-3 1
+1 1
+1 1
+1 2
+1 4
-4 1
+1 1
+1 1
-1 3
-1 1
+4 2
+5 4
+23 40

fn=(74) fillin_rpath
486 8
+2 1
-2 9
+5 1
cfi=(15)
cfn=(76) strsep
calls=1 338 
* 237
* 3
+4 4
cfn=(78) expand_dynamic_string_token
calls=1 -80 
* 162
+2 1
-2 1
+2 1
cfi=(9)
cfn=(18)
calls=1 26 
* 44
+4 1
-4 1
+4 1
+7 6
+34 2
+4 3
+1 3
-1 1
+1 1
-2 1
cfi=(15)
cfn=(36) malloc
calls=1 93 
* 34
* 1
+3 1
-3 1
+3 3
+5 1
+1 3
-2 1
+2 1
cfi=(24)
cfn=(66)
calls=1 61 
* 31
+3 1
-3 1
+3 1
-2 1
+2 1
+6 4
+1 14
+1 10
+3 1
-1 2
+1 1
+7 1
+1 1
-1 1
+4 3
+2 2
cfi=(15)
cfn=(82) free
calls=1 121 
* 6
* 1
* 2
-90 1
cfi=(15)
cfn=(76)
calls=1 338 
* 6
* 2
+94 1
+3 9
-65 18
+1 8
-16 2
+5 2
+3 5
+26 2
+31 2

fn=(60) _dl_init_paths
714 1
+13 2
-13 8
+13 3
cfi=(22) /build/buildd/eglibc-2.19/elf/dl-hwcaps.c
cfn=(62) _dl_important_hwcaps
calls=1 39 
* 351
+5 1
-5 1
+5 1
cfi=(15)
cfn=(36)
calls=1 93 
* 34
* 1
+1 1
-1 1
-1 1
+2 1
+8 1
-1 1
+1 4
-1 4
+5 2
cfi=(15)
cfn=(36)
calls=1 93 
* 55
* 1
+2 1
-3 1
+3 2
+29 1
-12 1
-10 1
+11 1
+3 2
+8 1
-12 1
+3 2
-14 1
+9 1
+5 3
+9 2
-7 27
cfi=(26)
cfn=(70)
calls=4 30 
* 88
+7 16
-12 3
+12 6
-14 3
+3 6
-1 3
+3 3
-5 3
+6 12
+4 3
-3 3
+3 6
-3 3
-7 6
+25 1
-11 1
+6 1
+1 1
+5 2
+2 4
+2 3
+38 4
+8 3
cfi=(27) /build/buildd/eglibc-2.19/string/../sysdeps/x86_64/multiarch/../strchr.S
cfn=(72) index
calls=1 24 
* 23
* 2
+2 2
cfi=(9)
cfn=(18)
calls=1 26 
* 59
* 8
cfi=(16)
cfn=(42)
calls=1 61 
* 31
* 1
+17 3
-1 2
+3 1
+1 3
+1 1
-4 3
+2 13
+1 39
+1 13
-4 40
+8 1
cfi=(15)
cfn=(36)
calls=1 93 
* 34
* 1
+1 1
-2 1
+2 1
+6 8
cfn=(74)
calls=1 486 
* 681
+4 3
+6 1
+4 8
-75 1
-2 1
+2 2
+14 2

fn=(108) _dl_map_object_from_fd
923 24
+11 2
-11 2
+11 2
-11 4
+11 2
cfi=(28) /build/buildd/eglibc-2.19/elf/dl-debug.c
cfn=(84) _dl_debug_initialize
calls=2 50 
* 16
+4 6
-4 2
+4 2
cfi=(32)
cfn=(112)
calls=2 34 
* 20
* 4
+11 14
+1 6
-1 15
+1 20
+17 4
+25 4
+10 4
+22 8
+32 4
935 2
1059 14
cfi=(13) /build/buildd/eglibc-2.19/elf/dl-object.c
cfn=(28) _dl_new_object
calls=2 61 
* 1017
+1 2
-1 2
+1 2
+11 4
+5 2
-5 2
+1 4
+1 2
+2 2
-2 2
+2 8
+1 6
+1 2
+24 4
+8 2
-8 18
+8 2
-8 2
+8 2
+89 2
-95 2
-1 2
+96 2
1092 2
1198 4
+8 10
-96 32
-1 136
+1 104
+6 4
+1 6
+1 2
+3 2
+1 1
+5 20
+6 8
+1 4
-1 16
+8 4
+2 8
-2 4
+1 4
+4 4
-5 8
+1 8
+1 4
+1 4
+3 4
+4 4
-9 4
+2 4
+1 4
+1 4
+1 4
+4 4
+1 6
+5 4
-16 2
+16 10
+10 2
-10 4
-16 2
+16 10
+10 2
+3 3
+5 1
-1 1
+3 1
-1 1
-1 1
+1 1
+3 3
+1 2
+3 2
+4 4
+6 1
cfi=(36)
cfn=(136)
calls=1 50 
* 8
* 2
+1 1
+60 4
+1 6
+1 2
-6 4
+1 8
+8 6
+13 16
+2 4
+14 2
+5 12
cfi=(25)
cfn=(68)
calls=2 81 
* 12
+4 2
-4 2
+4 2
+7 2
+1 2
-1 2
+1 2
+2 2
-3 2
+1 2
+2 2
+10 2
+2 2
+33 12
+1 6
+2 8
+8 16
+6 2
+2 2
-2 2
+1 2
+2 2
-1 2
+1 2
-1 6
+8 4
+3 4
+11 14
cfi=(26)
cfn=(70)
calls=2 30 
* 1908
+1 10
+5 4
+15 4
-74 20
+2 8
+2 16
cfi=(25)
cfn=(68)
calls=2 81 
* 12
* 4
-30 2
-1 10
cfi=(25)
cfn=(114)
calls=2 81 
* 10
* 2
1072 2
1418 8
+9 4
fi=(3) /build/buildd/eglibc-2.19/elf/get-dynamic-info.h
38 2
fe=(21)
1427 2
fi=(3)
38 2
+6 2
-2 2
+2 4
+7 2
+5 2
+3 2
-1 2
-3 2
-3 36
+10 8
-18 24
+8 35
+10 35
-18 105
+18 2
-18 6
+2 90
+5 40
+2 8
+16 4
+20 7
+1 8
+1 8
+1 8
+2 8
+5 8
+1 7
+1 8
+6 6
+5 4
+7 4
+1 6
+16 6
+5 1
+2 1
-2 1
+2 1
+2 2
+2 2
+3 6
+10 1
-8 2
+9 2
-1 1
+5 2
+3 4
fe=(21)
1433 4
+16 6
+19 4
+2 10
+55 6
+1 2
+3 2
cfi=(23)
cfn=(118)
calls=1 81 
* 5
* 2
cfi=(23)
cfn=(118)
calls=1 81 
* 5
* 4
+8 10
+3 6
+2 2
-2 2
+2 2
+16 4
cfi=(6)
cfn=(10) _dl_setup_hash
calls=2 859 
* 50
+4 4
+1 4
+17 4
+1 1
+3 1
+5 1
-5 1
+1 2
+4 1
-5 1
+5 1
-5 1
+1 2
+4 1
+10 6
cfi=(13)
cfn=(44) _dl_add_to_namespace_list
calls=2 32 
* 84
+4 8
+20 16
fi=(3)
56 8
+3 8
+1 2
+1 8
fe=(21)
1356 5
+2 1
-1 3
+1 2
-1 1
+1 2
-1 2
+3 4
+43 8
cfi=(25)
cfn=(68)
calls=1 81 
* 6
+3 2
1537 4
474 2

fn=(124) open_path
2168 8
+1 1
-1 5
+7 1
-7 1
+1 1
+6 1
+5 2
-7 1
+7 1
-8 1
+8 3
+74 1
-74 1
+74 1
-22 2
-52 1
+52 3
-40 1
-9 1
+9 1
+7 4
cfi=(24)
cfn=(66)
calls=1 61 
* 31
+1 1
-1 1
+1 3
-13 2
+33 8
-20 3
+3 8
+4 32
cfi=(24)
cfn=(66)
calls=4 61 
* 85
* 16
cfi=(24)
cfn=(66)
calls=4 61 
* 92
* 4
+3 4
+3 8
+3 24
cfn=(126)
calls=4 1871 
* 156
* 4
+2 12
+7 8
+1 36
+6 8
+2 12
-2 4
+2 4
cfi=(34) /build/buildd/eglibc-2.19/io/../sysdeps/unix/sysv/linux/wordsize-64/xstat.c
cfn=(128) _xstat
calls=4 34 
* 49
* 8
+1 1
+2 1
-2 1
+2 8
+7 2
-44 2
+37 6
+7 6
-44 7
+85 5
+7 1
-2 1
+2 3
+3 3
-13 1
+27 11
-72 6

fn=(78)
415 16
+10 6
cfi=(27)
cfn=(72)
calls=2 24 
* 70
* 4
161 4
cfi=(9)
cfn=(18)
calls=2 26 
* 125
* 2
+1 4
cfi=(15)
cfn=(36)
calls=2 -69 
* 68
* 2
+2 4
+3 6
440 10
167 2
cfi=(16)
cfn=(42)
calls=2 61 
* 78

fn=(98) _dl_map_object
2317 24
+7 3
-7 6
+7 3
+1 6
+3 27
+12 12
-12 18
+5 21
+1 14
+2 21
cfi=(31)
cfn=(100)
calls=7 288 
* 492
* 15
2607 24
2362 4
+10 12
+26 4
-2 2
+2 2
cfi=(27)
cfn=(72)
calls=2 24 
* 46
* 4
2538 6
cfn=(78)
calls=1 415 
* 239
+1 1
-3 1
+4 1
-1 2
+4 6
cfn=(102)
calls=1 1873 
* 447
+3 1
-3 1
+3 1
+12 8
+2 4
+44 2
+1 16
-1 2
+1 6
cfn=(108)
calls=2 923 
* 4855
* 2
2402 2
cfi=(9)
cfn=(18)
calls=1 26 
* 59
* 1
+2 1
-2 1
+2 1
+7 4
+35 2
+1 15
cfn=(124)
calls=1 2168 
* 730
* 3
+6 6
691 1
2454 1
691 2
2530 2
-95 4
+21 2
+6 4
+2 3
+4 2
cfi=(35) /build/buildd/eglibc-2.19/elf/dl-cache.c
cfn=(130) _dl_load_cache_lookup
calls=1 182 
* 1336
+2 1
-2 1
+2 1
+4 3
+8 2
+22 9
cfn=(126)
calls=1 1871 
* 529
+3 3
161 3
cfi=(9)
cfn=(18)
calls=1 26 
* 78
* 1
+1 2
cfi=(15)
cfn=(36)
calls=1 -69 
* 34
* 1
+2 3
+3 4
cfi=(16)
cfn=(42)
calls=1 61 
* 69
2510 1
-1 1
+1 2
-74 7
691 1
2437 1
691 2
2415 1
+8 3
-7 3
-1 1
+8 8
-3 3
691 1
2421 1
691 2
2341 18
+3 2
+2 2
-1 4
+1 2
cfi=(17)
cfn=(50)
calls=2 131 
* 21
* 4

fl=(30) /build/buildd/eglibc-2.19/setjmp/../sysdeps/x86_64/setjmp.S
fn=(94) __sigsetjmp
26 3
+9 3
+1 6
+1 3
+4 3
+1 3
+1 3
+1 3
+1 3
+2 6
+2 3
+1 3
+3 6
+2 3
+4 3
+1 3

fl=(28)
fn=(84)
50 8
+5 6
+5 2
-1 1
+1 2
+1 2
-1 2
-9 4
+4 8
+4 1
-1 1
-58 4

fn=(86) _dl_debug_state
74 2

fl=(22)
fn=(62)
39 8
+3 1
-1 1
+1 1
+9 1
-12 3
+3 1
-3 1
+3 1
+9 2
+10 4
+31 2
+23 3
cfi=(23)
cfn=(64) access
calls=1 -34 
* 9
* 2
-2 1
+17 6
+3 2
+29 2
+8 2
+2 4
+1 4
+4 2
+4 1
-3 1
-1 1
+4 1
+3 2
+4 5
+1 1
-1 7
+1 1
+18 12
+1 4
cfi=(15)
cfn=(36)
calls=1 93 
* 34
* 1
+1 1
-1 1
+1 3
+29 1
+3 1
-3 2
+3 1
+28 9
+1 2
-1 2
+1 6
-1 8
+5 6
+3 1
-3 1
+3 2
-3 1
+3 1
-3 2
+3 1
-3 1
+3 2
-3 1
+3 3
+1 12
+1 4
-1 4
+1 8
-2 4
+1 8
-1 14
+4 4
+3 1
+2 2
-1 1
-1 2
+2 10
+13 2
+1 1
-1 1
+3 2
-3 2
+1 1
-1 1
+3 2
+3 3
+3 1
-1 1
+1 7
145 2
-14 2
243 3
cfi=(24)
cfn=(66)
calls=1 61 
* 22
+1 2
-1 2
+1 1
cfi=(24)
cfn=(66)
calls=1 61 
* 22
* 4

fl=(2)
fn=(88) do_preload
804 1
+12 1
-12 5
+10 1
-4 1
+1 1
+5 4
-10 1
+6 1
+4 1
cfi=(29) /build/buildd/eglibc-2.19/elf/dl-error.c
cfn=(90) _dl_catch_error
calls=1 163 
* 2519
+1 3
+8 3
+6 5

fn=(48) rtld_lock_default_unlock_recursive
844 8

fn=(148) init_tls
724 1
-1 1
-6 1
+2 2
+4 1
+10 4
cfi=(15)
cfn=(32)
calls=1 102 
* 43
* 1
+11 1
-15 1
+3 1
+6 1
+2 1
-11 1
+15 1
+2 1
-1 1
+1 10
+2 8
+4 1
+2 1
-2 2
-5 8
+9 3
+3 1
cfi=(36)
cfn=(150)
calls=1 112 
* 73
+7 1
cfi=(36)
cfn=(152)
calls=1 328 
* 428
+1 1
-1 1
+1 1
+6 1
+8 1
-8 1
+8 6
+4 1
+2 1
+1 2

fn=(2)
362 9
+18 4
fi=(3)
44 1
fe=(2)
380 1
fi=(5)
58 3
fi=(3)
-14 1
fe=(2)
409 1
-3 1
fi=(3)
44 1
+17 2
-3 1
-7 1
+5 1
+3 1
+2 1
-3 1
-3 1
-3 2
-5 26
+15 13
-18 39
+18 1
-18 3
+2 36
+5 20
+1 16
+10 4
-18 12
+25 2
+20 4
+1 4
+1 4
+1 4
+2 4
+5 4
+1 4
+1 4
+6 3
+5 2
+7 3
+1 3
+8 3
+2 3
+3 2
+1 2
fe=(2)
537 2
+7 1
285 2
+12 2
cfi=(6)
cfn=(10)
calls=1 859 
* 25
+1 2
+1 2
+1 2
+1 2
+21 1
+10 1
-10 3
+10 1
-6 1
-4 1
+10 1
cfi=(7)
cfn=(12)
calls=1 86 
* 96767
* 1
+9 4
+3 1
+4 1
-4 1
+4 1
569 9
fi=(3)
53 4
+3 4
fe=(2)
542 34
fi=(4)
84 1
+27 1
-28 1
+28 2
+1 2
fi=(5)
492 2
fi=(4)
112 18
fi=(5)
492 18
+1 20
fi=(4)
111 20
fi=(5)
493 10
fi=(4)
111 10
+5 2
+8 1
fi=(5)
287 1
fi=(4)
124 2
+13 1
+2 2
-2 1
fi=(5)
241 1
fi=(4)
137 1
fi=(5)
269 1
fi=(4)
137 2
fi=(5)
269 1
fi=(4)
137 8
+2 16
-2 8
fi=(5)
241 8
fi=(4)
137 8
fi=(5)
269 8
fi=(4)
137 16
fi=(5)
269 8
+9 18
+3 9
-3 18
+3 27
+6 54
fi=(3)
59 4
+1 1
+1 2
fe=(2)
285 73
fi=(5)
391 9
+9 9
fi=(4)
124 28
fe=(2)

fn=(22)
891 1
+19 1
-19 9
+19 1
+3 1
2492 1
891 1
2492 1
913 1
+4 1
-26 1
+26 1
+1 2
+5 2
2485 2
+7 1
-4 1
+4 1
-5 1
+5 9
+2 2
cfi=(11)
cfn=(24)
calls=1 30 
* 74
* 4
cfi=(11)
cfn=(24)
calls=2 30 
* 324
* 9
+4 48
+1 19
-1 57
+3 4
+6 16
+76 4
cfi=(12)
cfn=(26)
calls=1 315 
* 120
* 2
+2 3
-55 4
cfi=(12)
cfn=(26)
calls=1 315 
* 26
* 2
2660 3
+33 3
933 4
1132 7
cfi=(13)
cfn=(28)
calls=1 61 
* 248
+2 1
-2 1
+2 1
+1 1
+1 1
+5 2
-5 1
+1 3
+4 1
cfi=(13)
cfn=(44)
calls=1 32 
* 34
+1 2
900 1
1171 1
-3 1
-5 1
+1 1
+2 1
+5 6
+56 2
897 1
1227 2
-55 24
-1 27
+1 47
-1 2
1274 3
+3 2
+2 2
+2 2
+13 3
+1 8
cfi=(17)
cfn=(50)
calls=1 131 
* 7
* 3
+7 1
+3 1
-5 1
+3 1
+2 1
+1 2
+4 2
+2 2
fi=(3)
29 1
+9 2
+6 1
-2 1
+2 2
+7 1
+5 1
+3 1
+2 1
-3 1
-3 1
-3 14
+10 3
-18 9
+8 19
+10 19
-18 57
+18 1
-18 3
+2 46
+5 16
+2 4
+16 3
+38 3
+5 2
+7 2
+1 3
+16 3
+14 3
+18 2
fe=(2)
1317 2
cfi=(6)
cfn=(10)
calls=1 859 
* 25
+3 4
fi=(18) /build/buildd/eglibc-2.19/elf/setup-vdso.h
24 2
fe=(2)
1342 1
cfi=(19)
cfn=(56)
calls=1 45 
* 93
* 8
1176 3
+1 1
+90 2
+1 2
+1 1
-6 2
+1 1
-37 2
-1 2
+1 4
-1 2
+2 4
+1 1
+3 2
+1 2
-1 2
+1 2
+1 2
+1 6
+1 2
-43 1
-2 2
+27 1
-25 1
+7 2
-10 1
+10 1
-19 3
+1 1
fi=(3)
56 4
+3 4
+1 1
+1 3
fe=(2)
2537 4
cfi=(12)
cfn=(26)
calls=1 315 
* 80
* 2
+2 3
1347 2
cfi=(21)
cfn=(60)
calls=1 714 
* 1697
+3 3
cfi=(28)
cfn=(84)
calls=1 50 
* 17
+7 1
-7 1
+2 1
+5 1
+3 3
+1 1
+3 1
-3 3
+1 2
+3 1
+5 1
-7 1
+7 1
+1 5
+4 1
+4 1
-2 4
+1 2
+1 3
+5 2
+1 6
+2 2
+1 2
+5 2
+5 3
906 1
1579 3
+3 2
+4 3
+5 2
+1 1
cfi=(28)
cfn=(86)
calls=1 74 
* 1
+5 3
+15 3
+4 3
+31 3
cfi=(23)
cfn=(64)
calls=1 81 
* 9
* 2
+77 4
+17 3
+1 1
-1 1
+1 2
-1 1
+1 5
cfi=(33) /build/buildd/eglibc-2.19/elf/dl-deps.c
cfn=(120) _dl_map_object_deps
calls=1 147 
* 8460
+1 1
+5 1
-5 3
+2 2
+3 4
+1 4
-1 2
+1 12
-1 6
+4 3
+1 3
+1 1
+2 2
+1 5
-1 4
+1 4
-1 6
-28 1
+1 1
-1 7
+4 1
+1 1
-1 1
+2 2
+1 2
+35 1
-1 2
+1 1
+2 1
+2 3
+2 1
-4 2
+5 1
-1 2
+14 2
+1 2
+1 3
+12 1
+1 1
-2 1
+2 1
-2 1
+2 1
-2 1
+2 1
-2 1
+2 1
cfi=(29)
cfn=(138) _dl_receive_error
calls=1 205 
* 2397
+10 1
+1 1
-1 1
+1 1
+1 1
cfn=(148)
calls=1 724 
* 615
* 1
+2 2
+3 1
cfn=(154) security_init
calls=1 851 
* 22
+2 2
2054 3
+56 1
+4 1
+7 1
-11 1
+4 3
+4 2
+3 1
+8 2
+95 4
+1 1
+5 2
cfi=(36)
cfn=(192)
calls=1 376 
* 275
+4 2
+14 3
+2 2
+29 1
cfi=(7)
cfn=(194)
calls=1 256 
* 1
+4 3
+20 3
cfi=(28)
cfn=(84)
calls=1 50 
* 8
+1 1
+1 1
cfi=(28)
cfn=(86)
calls=1 74 
* 1
+5 1
cfi=(35)
cfn=(196) _dl_unload_cache
calls=1 309 
* 15
+5 8
-65 2
+15 1
+3 1
-3 1
+3 1
-3 2
+3 2
-3 1
+2 1
+1 1
cfi=(39)
cfn=(158)
calls=1 154 
* 6295
+1 4
+2 3
-96 3
+7 1
+2 11
+2 1
+2 12
+5 8
+2 8
+8 4
-2 4
+2 8
+1 24
cfi=(39)
cfn=(158)
calls=3 154 
* 70682
+4 14
-22 12
+25 4
+2 1
+6 1
-6 1
+6 1
-22 1
+1 1
-3 2
+14 2
cfi=(36)
cfn=(190)
calls=1 831 
* 20
* 1
-69 1
899 2
1767 2
+21 3
1623 2
cfi=(9)
cfn=(18)
calls=1 26 
* 100
* 8
cfi=(16)
cfn=(42)
calls=1 61 
* 87
* 1
+3 5
-12 1
+12 1
+3 3
cfi=(15)
cfn=(76)
calls=1 338 
* 765
* 3
cfi=(15)
cfn=(76)
calls=1 338 
* 6
* 6
+1 2
+1 3
+2 4
cfn=(88)
calls=1 804 
* 2547
* 2
1336 3
1635 1
+1 1
-1 3
+1 1
+1 3

fn=(46) rtld_lock_default_lock_recursive
838 8

fn=(154)
851 2
+2 1
fi=(38) /build/buildd/eglibc-2.19/elf/../sysdeps/unix/sysv/linux/dl-osinfo.h
61 2
+23 2
+2 1
+7 1
fe=(2)
855 1
+6 2
+2 1
fi=(38)
101 2
+11 1
fe=(2)
866 1
+2 1
+6 1
+1 3

fn=(92) _dl_initial_error_catch_tsd
798 8

fn=(96) map_doit
625 2
+2 7
cfi=(21)
cfn=(98)
calls=1 2317 
* 2446
* 1
+2 2

fn=(140) version_check_doit
657 2
+2 4
cfi=(37) /build/buildd/eglibc-2.19/elf/dl-version.c
cfn=(142) _dl_check_all_versions
calls=1 380 
* 2357
* 2
+4 2

fl=(15)
fn=(32)
102 8
+7 24
-3 8
+3 16
+4 8
cfn=(36)
calls=8 -20 
* 298
* 8

fn=(36)
93 21
+1 42
cfn=(40)
calls=21 -43 
* 677
* 21

fn=(82)
121 1
-2 2
+2 1
+7 2

fn=(76)
338 8
+2 4
+1 8
+4 132
+7 366
-2 244
+10 61
-15 185
+18 2
+4 4

fn=(40)
51 88
+1 108
+11 21
+1 21
-1 21
+3 21
-3 21
+3 42
-3 1
+1 1
-1 1
+3 1
-3 1
+3 78
+4 12
+1 9
+6 21
cfi=(25)
cfn=(68)
calls=3 +4 
* 18
+2 15
+4 9
+3 3
+1 3
+2 15
-3 19
+1 19
+2 152
-31 3
+1 1
-2 3

fl=(6)
fn=(168) check_match.9458
131 630
+1 180
+2 180
+2 270
-2 180
+12 270
+3 272
cfi=(17)
cfn=(50)
calls=23 -18 
* 1621
* 46
+5 90
-1 90
+1 90
-1 90
+1 90
+2 178
+19 178
+1 712
+46 630
-18 2
+2 2
+1 3
-1 2
+1 1
-1 2
-29 267
cfi=(17)
cfn=(50)
calls=89 -46 
* 7738
* 178

fn=(10)
859 12
+4 4
+4 8
+2 4
-1 4
+3 12
+1 4
+1 8
+3 4
-1 4
-2 4
+3 4
+4 8
-2 4
+1 4
+1 8
+1 4

fn=(164)
714 1152
476 96
714 192
476 288
-1 192
+2 96
-1 96
+1 288
-1 288
+1 1152
-1 1152
+1 3456
-1 3648
716 96
+4 96
+4 96
-8 96
+1 192
+7 274
+5 96
+2 192
-2 96
+6 768
+2 1248
cfn=(166) do_lookup_x
calls=96 82 
* 38285
+3 192
+3 6
-8 24
-7 192
+38 192
+22 90
+1 630
+26 90
+9 450
+14 270
+3 360
+5 90
+2 768
-9 2
-71 42
+16 6
+1 12

fn=(166)
82 864
+1 96
-6 96
+5 288
-5 672
+12 96
229 96
+3 192
-3 96
+3 192
98 96
-3 96
+1 96
+2 96
+3 96
-3 96
+3 96
-3 202
-3 202
+1 202
+2 202
+3 202
-3 202
+3 202
+4 608
+4 592
+4 592
+6 888
+4 592
+1 888
225 296
+1 592
+4 592
-2 296
+5 1184
+4 592
-1 592
+1 296
-1 592
+21 206
+24 412
461 1158
+1 155
cfi=(31)
cfn=(100)
calls=31 288 
* 1306
* 186
+3 624
+3 12
286 676
+4 213
+13 90
+1 90
-1 90
+1 90
+1 90
469 768
240 380
-1 190
+2 190
+2 285
+10 291
-7 935
+2 180
+1 360
-1 180
+1 90
-1 360
+1 270
cfn=(168)
calls=90 131 
* 13992
+1 450

fl=(79) /build/buildd/eglibc-2.19/elf/dl-open.c
fn=(332) _dl_find_dso_for_object
182 5
+1 4
+1 12
+1 2
+3 2
+4 1
-9 6

fl=(24)
fn=(66)
61 15
+4 15
+3 14
+1 14
+2 5
+1 5
+2 5
+1 5
+5 5
+1 5
-1 9
+1 9
+2 10
+1 10
+2 10
+1 10
+5 10
+1 10
-1 4
+1 4
+2 5
+1 5
+2 5
+1 5
+5 5
+1 5
-1 9
+1 9
+2 7
+1 7
+2 7
+1 14
+5 7
+1 7
-1 7
+1 9
+5 2
+1 2
+1 2
+1 2
+2 2
+2 2
+1 2
+2 2
+6 14
+4 14
+12 2
+2 2
+1 2
+26 2
+1 2
+3 2
+1 2
+1 2
+5 2
+2 2
+1 2
+1 2
+1 2
+2 2
+1 2
+1 2
+1 2
+2 2
+1 2
+2 2
+22 2
+2 2
+2 1
+7 1

fl=(17)
fn=(50)
131 212
+1 212
+1 212
+1 128
+1 128
+1 128
+1 128
cfn=(51) strcmp'2
calls=128 -6 
* 9231
+5 84
+1 84
+1 84
+1 84

fn=(51)
131 1285
+1 1285
+1 1285
+1 1275
+1 1275
+1 1275
+1 1275
cfn=(51)
calls=1157 -6 
* 49690
+2 118
+1 118
+2 10
+1 10
+1 10
+1 10

fl=(60)
fn=(250)
34 8
+2 8
+1 8
+1 8
+1 8
+1 8
+1 8
+1 8
+1 8
+1 8
+1 8
cfi=(61)
cfn=(252)
calls=8 +21 
* 6494
+1 8
+1 8
+1 8
+1 8
+1 8
+1 8
+1 8
+1 8
+1 8
+2 8

fl=(27)
fn=(72)
24 7
+1 7
+1 7
+1 7
+1 7
+1 7
+1 7
+1 7
+1 7
+1 7
+1 7
+1 7
+1 7
+1 7
+1 7
+1 7
+1 7
+1 5
+4 5
+1 5
+1 5
+1 5
+2 5
+4 2
+1 2
+1 2
+1 2
+1 2
+1 2
+1 2
+1 2
+1 2
+1 2
+1 2
+1 2
+1 2
+1 2
+1 2
+1 2
+1 2
+1 2
+1 2
+1 2
+1 2
+1 2
+1 2
+1 2
+52 2
+4 2
+1 2
+1 2
+1 2
+2 2

fl=(37)
fn=(142)
380 6
+4 4
-2 2
+4 28
cfn=(144) _dl_check_map_versions
calls=4 174 
* 2282
-2 4
+2 12
-1 4
-1 8
+5 7

fn=(144)
174 36
+15 4
-15 8
+15 8
+2 4
+3 4
-3 4
+2 4
+1 4
+2 4
-3 4
+3 4
+3 8
+4 12
+17 2
56 2
220 2
56 2
220 2
56 10
+1 5
-1 10
+2 21
cfi=(31)
cfn=(100)
calls=7 288 
* 510
* 16
228 6
+5 14
+19 1
-15 41
cfn=(146) match_symbol
calls=1 76 
* 137
* 6
cfn=(146)
calls=2 76 
* 306
* 3
+7 12
+3 11
+9 8
-73 2
-8 2
+95 12
+3 6
+10 26
-7 104
+3 78
-3 8
+3 6
+8 4
+86 4
-86 4
+87 8
-81 12
cfi=(15)
cfn=(32)
calls=3 102 
* 150
* 3
+1 3
-2 3
+2 3
+11 3
-3 3
+3 6
+2 9
+3 8
+4 6
+18 1
-15 3
+2 3
-2 6
+2 6
+2 3
+1 3
-1 6
+1 3
-1 3
+1 3
+1 3
-2 3
+2 6
+1 9
+3 9
+8 6
+10 9
+3 8
+20 26
-14 26
-2 26
+2 28
-2 2
+2 2
+4 26
+2 26
-1 52
+1 26
-1 78
+1 26
+1 26
+3 84
+10 3
-1 3
+1 21

fn=(146)
76 33
+9 3
-8 3
-1 6
+1 3
+8 3
+6 9
+15 3
+1 6
+2 3
+5 6
+14 20
+12 21
+4 7
-30 14
+16 3
+3 12
cfi=(17)
cfn=(50)
calls=3 -2 
* 258
* 6
+35 24

fl=(35)
fn=(130)
182 8
+8 2
+3 3
+51 3
+9 1
+6 2
-6 3
+6 1
cfi=(23)
cfn=(64)
calls=1 81 
* 9
* 1
+4 1
-10 1
+10 3
+15 112
cfn=(134) _dl_cache_libcmp
calls=7 138 
* 521
* 36
-82 4
cfi=(31)
cfn=(132)
calls=1 45 
* 67
+8 1
-8 1
+8 4
+1 4
cfi=(12)
cfn=(26)
calls=1 315 
* 112
* 2
+7 1
-3 1
+3 3
+3 1
+1 2
-1 1
+1 1
+1 3
cfi=(12)
cfn=(26)
calls=1 +98 
* 111
* 2
+2 2
+59 24
cfn=(134)
calls=1 138 
* 72
* 3
cfn=(134)
calls=1 138 
* 145
* 6
-14 4
+14 1
-14 2
-1 3
+15 32
+16 2
+5 9
-21 3

fn=(134)
138 27
+1 22
+2 98
+2 49
-2 49
+2 4
+6 2
+2 2
-1 2
-1 2
+1 2
-1 2
+2 6
+2 10
+2 4
+6 94
+2 174
+4 40
+1 40
-29 80
+32 4
+1 4
-8 7
+8 14

fn=(196)
309 4
-1 1
+3 2
cfi=(25)
cfn=(198)
calls=1 81 
* 5
+1 1
+2 2

fl=(8)
fn=(14)
31 1
-3 1
+3 6
+8 1
-6 2
+7 1

fl=(29)
fn=(90)
163 6
+15 3
-3 6
+1 6
-13 6
+14 6
+1 3
+2 3
cfi=(2)
cfn=(92)
calls=3 798 
* 6
+2 3
-1 3
+4 3
-5 3
+2 3
+3 3
-4 3
+4 3
cfi=(30)
cfn=(94)
calls=3 26 
* 57
* 9
+2 9
cfi=(33)
cfn=(122) openaux
calls=2 60 
* 6966
cfi=(2)
cfn=(96)
calls=1 625 
* 2458
+1 6
+2 3
+1 3
-3 3
+1 6
+1 3
+1 3
+8 12

fn=(138)
205 10
+1 1
cfi=(2)
cfn=(92)
calls=1 798 
* 2
+5 1
-1 1
-4 1
+9 1
+2 1
-3 1
+3 1
cfi=(2)
cfn=(140)
calls=1 657 
* 2367
+2 1
+1 1
+1 8

fl=(13)
fn=(28)
61 42
+1 3
cfi=(9)
cfn=(18)
calls=3 -36 
* 150
+6 3
-6 12
+6 33
+7 12
cfi=(15)
cfn=(32)
calls=3 +27 
* 134
* 3
+3 3
-3 3
+3 3
+4 3
+5 6
-6 3
+6 3
-5 3
+4 6
+1 3
cfi=(16)
cfn=(42)
calls=3 -26 
* 88
* 3
+10 6
-8 3
+9 3
-1 6
+1 6
-1 3
+1 6
+3 3
-3 3
+3 3
+9 3
-7 3
+4 3
+3 8
+2 2
-2 2
+2 30
-2 30
+12 3
+6 3
-5 3
-1 3
+6 9
-2 3
+2 6
+2 6
+3 7
+4 6
+4 6
+2 1
+6 1
+3 2
+3 5
-3 4
+3 10
+2 2
+4 2
-4 2
cfi=(9)
cfn=(18)
calls=2 26 
* 144
* 4
+4 2
-4 2
+4 6
+64 4
+4 24
-88 6
-39 7
+39 3
+70 6
cfi=(24)
cfn=(66)
calls=2 61 
* 71
* 2
+5 40
+1 40
-1 40
+1 42
-1 2
+1 6
+5 4
-57 4
cfi=(15)
cfn=(36)
calls=2 -72 
* 68
* 2
+1 2
-1 2
+1 6

fn=(44)
32 6
+2 3
-2 9
+2 3
cfi=(2)
cfn=(46)
calls=3 838 
* 6
+2 22
+4 3
-1 15
+2 2
+2 2
+4 2
+4 2
-4 4
+1 4
+1 4
+2 2
+1 6
-1 2
cfi=(2)
cfn=(48)
calls=2 844 
* 4
-4 1
+4 1
-4 2
+1 2
+1 2
+2 1
+1 3
-1 1
cfi=(2)
cfn=(48)
calls=1 844 
* 2
-5 2

fl=(34)
fn=(128)
34 4
-1 4
+1 4
+1 24
+4 1
-4 12

fl=(23)
fn=(104)
81 28
+1 3
+1 20

fn=(118)
81 12
+1 3

fn=(64)
81 12
+2 15

fn=(106)
81 8
+1 2

fl=(33)
fn=(120)
147 1
+1 1
-1 2
+1 1
-1 1
+1 1
-1 1
+1 2
-1 5
+1 1
-1 1
+1 2
+14 1
-2 1
+1 1
-13 1
+14 1
+6 3
+10 1
-10 1
+10 3
-14 1
-4 1
+2 1
+17 1
-17 1
-2 2
+2 1
-2 1
+2 1
-2 1
+1 1
+1 1
+6 3
+10 1
-10 1
+10 3
-16 3
+20 1
+21 1
+1 1
-22 2
+19 1
-12 1
+15 1
-16 1
+13 1
343 9
209 1
+8 1
-4 1
+4 1
-8 3
+8 3
-4 3
+4 3
+12 8
+2 2
+11 2
-5 2
-6 4
+5 2
+2 4
+1 4
+3 8
-32 2
+32 4
+50 4
+1 3
-51 192
+1 96
+6 10
cfi=(27)
cfn=(72)
calls=2 24 
* 70
* 4
+5 10
-3 2
+3 2
cfi=(29)
cfn=(90)
calls=2 -91 
* 7088
+2 6
+15 2
+2 4
+5 2
+6 2
-6 4
+3 2
+1 2
+1 2
+1 2
+4 10
-2 8
-57 8
-19 2
471 8
+2 6
+3 4
-1 2
cfi=(15)
cfn=(36)
calls=2 93 
* 68
* 2
+2 2
-2 2
+2 2
+3 2
+1 8
+1 2
-1 4
cfi=(16)
cfn=(42)
calls=2 61 
* 41
+1 8
cfi=(16)
cfn=(42)
calls=2 61 
* 41
+4 2
-1 2
+5 16
+3 9
-1 4
+1 8
202 1
497 6
+1 2
+3 5
+11 3
-1 1
cfi=(15)
cfn=(36)
calls=1 93 
* 34
* 1
+3 1
-3 1
+3 1
+5 7
+1 4
+2 9
+6 9
+4 3
-10 3
+10 3
-10 7
+6 3
+4 1
-10 1
+10 1
-10 3
+13 2
+51 6
+2 3
+42 2
+1 1
-1 6
+1 1
cfi=(26)
cfn=(70)
calls=1 30 
* 14
* 1
-2 10
+13 1
-6 1
-1 1
+1 1
+6 2
-13 6
+13 2
-6 2
-1 2
+1 2
+6 6
+2 8
+1 4
-1 4
+1 4
+3 6
-1 9
+23 3
-28 6
+31 9
+3 20
cfi=(26)
cfn=(70)
calls=2 30 
* 18
* 15
217 8
+1 17
+2 2
+2 6
+2 26
658 2
+25 2
+2 1
+1 1
-1 1
+2 3
+7 3
+3 2
+3 8
295 138
623 7
cfi=(16)
cfn=(42)
calls=1 61 
* 28
+2 1
-38 1
+38 2

fn=(122)
60 4
+7 2
-4 6
+1 2
-1 2
+1 2
-1 10
cfi=(21)
cfn=(98)
calls=2 2317 
* 6932
* 2
+5 4

ob=(3)
fl=(84)
fn=(350)
26 10717450
+1 10717450
cfi=(73)
cfn=(352) random
calls=10717450 293 
* 460504626
+1 21434900

fl=(55) /build/buildd/eglibc-2.19/ctype/ctype-info.c
fn=(228) __ctype_init
31 5
+2 1
-2 2
+2 3
+2 5

fl=(81) /build/buildd/eglibc-2.19/malloc/morecore.c
fn=(340) __default_morecore
46 2
+1 2
cfi=(82) /build/buildd/eglibc-2.19/misc/sbrk.c
cfn=(342) sbrk
calls=2 -13 
* 72
+2 6
+3 6

fl=(53) /build/buildd/eglibc-2.19/misc/init-misc.c
fn=(224) __init_misc
30 4
+1 5
+2 3
cfi=(54) /build/buildd/eglibc-2.19/string/../sysdeps/x86_64/strrchr.S
cfn=(226) rindex
calls=1 -9 
* 24
+4 5
+1 3
+2 4

fl=(82)
fn=(342)
34 2
+8 2
-8 6
+8 9
+4 4
+4 4
+3 1
cfi=(83) /build/buildd/eglibc-2.19/misc/../sysdeps/unix/sysv/linux/x86_64/brk.c
cfn=(344) brk
calls=1 -22 
* 13
* 2
+4 10
-14 2
cfi=(83)
cfn=(344)
calls=1 -12 
* 13
* 4

fl=(46)
fn=(186)
49 1
-49 12

fl=(68)
fn=(288)
27 3
cfi=(69) /build/buildd/eglibc-2.19/stdlib/../stdlib/strtol.c
cfn=(290) strtol
calls=1 +81 
* 253

fl=(54)
fn=(226)
24 1
+1 1
+1 1
+1 1
+1 1
+1 1
+1 1
+1 1
+1 1
+1 1
+1 1
+1 1
+1 1
+1 1
+1 1
+1 1
+1 1
+1 1
+1 1
+1 1
+1 1
+1 1
+1 1
+1 1

fl=(78) /build/buildd/eglibc-2.19/elf/dl-addr.c
fn=(324) _dl_addr
126 9
+5 1
-5 2
+5 2
cob=(1)
cfi=(2)
cfn=(46)
calls=1 838 
* 2
+2 2
cob=(1)
cfi=(79)
cfn=(332)
calls=1 +49 
* 32
cob=(1)
cfi=(60)
cfn=(250)
calls=1 -99 
* 1145
* 5
+2 2
30 1
+1 1
-1 1
+1 1
+3 2
+5 1
+6 1
-7 1
+2 2
+2 1
-2 1
+2 1
+3 1
+5 7
+2 1
+1 2
-1 1010
+1 2020
+2 4927
+6 11060
+2 8848
+1 16231
+7 2212
-2 2212
+2 5435
-21 2022
+49 3
+1 1
+1 3
+3 2
+37 3
cob=(1)
cfi=(2)
cfn=(48)
calls=1 844 
* 2
+3 9
-28 1
+1 1
+21 2

fl=(66) /build/buildd/eglibc-2.19/setjmp/sigjmp.c
fn=(280) __sigjmp_save
29 2
-1 2
+1 2
+5 3

fl=(40)
fn=(170)
114 1
+1 1
+1 1
cfi=(41) /build/buildd/eglibc-2.19/csu/../sysdeps/x86_64/multiarch/init-arch.c
cfn=(172) __init_cpu_features
calls=1 -62 
* 93
+3 1
+1 1
+1 1
+11 1

fn=(180)
140 1
+1 1
+4 1
+1 1
+1 1
+11 1

fl=(62)
fn=(256)
133 7
+4 1
-4 3
+4 3
+82 1
-82 1
+82 1
+1 4
cfi=(63) /build/buildd/eglibc-2.19/stdlib/cxa_atexit.c
cfn=(258) __cxa_atexit
calls=1 57 
* 60
+22 6
+3 2
+1 5
cob=(5)
cfi=(59)
cfn=(262)
calls=1 0 
* 55
+4 4
+15 2
+9 2
cfi=(64) /build/buildd/eglibc-2.19/setjmp/../sysdeps/x86_64/bsd-_setjmp.S
cfn=(276) _setjmp
calls=1 30 
* 29
+1 2
+5 2
+1 2
+3 2
+3 6
cob=(5)
cfi=(67)
cfn=(282)
calls=1 58 
* 2111066487
137 2

fl=(64)
fn=(276)
30 1
+2 1
cfi=(65) /build/buildd/eglibc-2.19/setjmp/../sysdeps/x86_64/setjmp.S
cfn=(278) __sigsetjmp
calls=1 -6 
* 27

fl=(44) /build/buildd/eglibc-2.19/elf/../sysdeps/unix/sysv/linux/dl-vdso.c
fn=(178) _dl_vdso_vsym
27 5
-1 5
+1 5
+4 10
-3 10

fl=(83)
fn=(344)
31 2
-3 2
+3 14
+8 2
-6 4
+7 2

fl=(75)
fn=(364) _int_free
3814 42869800
+13 5358725
-13 5358725
+13 10717450
+6 21434900
+1 10717450
+11 21434900
+13 16076175
+11 21434900
+1 16076175
1869 5358725
3894 5358725
1869 10717450
3896 16076175
+1 10717450
+1 5358725
+3 5358725
-3 5358725
+9 16076175
-5 21434900
+14 10717450
+2 5358725
+2 32152350
+2 10717450
4087 42869800

fn=(318)
2876 21434904
+5 10717452
+1 10717452
+3 10717450
+2 42869800
+4 16076175
cfn=(336) _int_malloc
calls=5358725 3302 
* 300088696
+1 5358725
-1 5358725
+1 5358725
+11 21434900
+1 42869800
+3 26793625
-24 1
+24 3
-24 1
cfi=(76) /build/buildd/eglibc-2.19/malloc/hooks.c
cfn=(320) malloc_hook_ini
calls=1 30 
* 58864

fn=(319) malloc'2
2876 4
+5 2
+1 2
+3 2
+2 8
+4 3
cfn=(336)
calls=1 3302 
* 1149
+1 1
-1 1
+1 1
+11 4
+1 8
+3 5

fn=(362)
2917 10717450
+1 10717450
+6 10717450
+5 5358725
-2 5358725
+2 10717450
+16 16076175
+1 10717450
cfn=(364)
calls=5358725 3814 
* 375110750

fn=(336)
3302 37511082
+30 5358726
-30 5358726
+30 48228534
+8 10717452
+2 16076175
+1 5358725
+1 5358725
-1 10717450
+5 10717450
+3 26793620
+1 5358724
-1 5358724
+1 10717448
+25 4
+2 4
+1 4
+2 6
+2 2
1862 5358724
3743 5358724
1862 10717448
3806 48228534
3423 3
cfn=(338) malloc_consolidate
calls=1 4104 
* 793
* 1
3790 1
4992 2
3790 3
+2 25
4990 1
+2 1
-2 3
3442 2
3790 1
4992 2
3790 3
+2 25
4990 1
+2 1
-2 3
3442 8
3576 4
+73 2
+1 2
+1 2
-1 2
+1 2
+1 4
+1 4
+5 12
+4 6
+3 8
-3 6
+3 8
-3 6
+3 8
-3 4
3765 2
+3 2
-2 6
+2 4
+17 2
3355 26793620
5000 1
2271 4
+11 1
-11 1
+11 1
+87 1
-9 1
+9 1
+9 3
2700 2
+1 1
+5 2
+3 2
+5 1
-3 1
+3 1
-2 1
+5 1
-3 3
+1 1
-1 1
-1 1
+1 2
+1 1
3801 2
1862 3
2272 2
3773 1
-3 1
+1 1
+2 1
-1 1
+1 2
+2 1
-2 3
1862 1
3773 1
+2 1
+3 1
1862 2
2433 1
+19 2
-19 1
+9 1
+10 2
-10 1
+10 1
-10 3
+10 3
+8 1
-8 1
+8 1
+2 4
cfi=(81)
cfn=(340)
calls=1 46 
* 62
* 2
+4 5
+3 2
+1 2
+19 1
+27 2
+1 1
+1 2
+6 1
-6 1
+6 1
+3 6
+42 3
+19 1
+3 2
+1 6
+2 1
-2 1
+2 1
+1 4
cfi=(81)
cfn=(340)
calls=1 46 
* 26
+12 3
+8 2
+1 3
+39 1
+1 1
-2 1
+1 3
+12 1
-12 1
+1 1
+11 1
2527 2
+42 3
2369 2

fn=(338)
4104 8
+22 2
4996 1
4126 3
1785 1
+3 3
-3 128
+3 378
-3 252
+7 3
+5 1
+2 1
-2 1
4199 8
1796 3

fl=(41)
fn=(172)
54 1
-9 1
+9 1
+3 1
-3 1
+3 5
+95 2
+1 7
+7 3
+4 2
+2 3
+18 2
+5 1
+1 1
+2 1
+1 2
-9 4
+1 5
+1 2
-16 2
+1 1
+2 2
+3 2
31 2
+6 1
-6 1
+7 1
-1 1
+28 1
-27 1
+27 1
-28 1
+2 1
-1 1
+1 1
+26 1
+1 1
-35 4
+35 1
+5 1
-12 1
+12 1
+3 12
+27 1
-42 1
+42 1
+22 1
-64 1
+68 1

fl=(70) /build/buildd/eglibc-2.19/stdlib/../stdlib/strtol_l.c
fn=(292) ____strtol_l_internal
232 8
+26 1
-12 1
-14 1
+26 1
+22 1
-1 1
+10 4
+9 6
+2 2
+5 2
+5 1
-6 1
+6 1
+4 2
+10 2
+7 3
-79 1
376 1
+3 2
+59 1
-59 1
+1 2
+4 1
-4 1
+58 1
+2 2
+16 1
-74 1
+1 1
+57 1
+38 1
-22 1
-14 3
-2 14
-2 7
+4 7
-2 7
+2 14
+28 24
+3 32
+5 8
-40 8
+41 16
-41 25
+46 2
+5 3
+6 2
+3 3
334 5
496 3
+35 1
-18 1
+18 7

fl=(63)
fn=(258)
57 6
-22 2
cfn=(260) __new_exitfn
calls=1 +38 
* 38
+2 2
+4 1
+3 1
+1 1
-4 2
+2 1
+4 1
+1 1
+11 4

fn=(260)
73 1
+6 2
-6 3
+6 4
+2 4
-7 2
+9 3
-2 1
+10 1
-10 3
+45 1
+1 1
+3 4
+3 5
-21 1
+1 2

fl=(56)
fn=(232) handle_intel
306 4
-1 4
+17 2
-17 12
+14 2
+1 4
-3 6
+23 10
cfn=(234) intel_check_word
calls=2 162 
* 636
+1 4
+3 10
cfn=(234)
calls=2 162 
* 167
+1 4
-17 4
+5 2
-5 4
+5 2
+2 2
+1 2
-1 4
+27 16

fn=(230)
550 1
+13 1
-13 1
+13 1
-13 1
+13 1
+7 2
+2 3
cfn=(232)
calls=1 306 
* 431
+4 2
-4 1
+4 1
cfn=(232)
calls=1 306 
* 470
+2 1
-2 1
-1 1
+3 1
+29 1
-18 1
+18 3
+7 2
+9 20
-9 12
+6 6
-6 3
+6 2
+49 4
+75 2
+2 1
+1 1
+2 1
-3 1
+5 1
-5 1
+4 3
+4 2
+2 1
+1 1
+2 1
-3 1
+5 1
+2 1
-7 1
+4 2
+3 1
-3 1
+3 2
-93 5
-45 2
+6 5
+7 2
+4 4
+2 4
-6 4
+4 1
-2 1
+2 1
-4 3
+4 1
-2 1
+2 1
+15 2
-8 1
+2 2
+1 1
-1 2
+1 1
+1 1

fn=(234)
162 8
+6 4
-7 8
+7 8
-7 4
+7 8
-7 4
+7 4
+2 4
-2 4
+2 12
+2 4
+2 8
-2 6
+2 12
+8 20
+53 16
fi=(57) /build/buildd/eglibc-2.19/string/../bits/stdlib-bsearch.h
27 8
+1 16
+3 16
+1 8
fe=(56)
150 16
fi=(57)
31 12
+1 6
fe=(56)
150 12
+3 54
fi=(57)
29 46
+2 46
-2 46
+2 80
+1 40
fe=(56)
150 80
295 8
170 16
-6 2
300 16
fi=(57)
37 8
-8 18
fe=(56)
194 10
+5 10
-5 14
+34 3
-34 15
+5 6
+4 8
+7 8
+3 2
+2 4
-10 2
-2 2
+2 3
+12 2
+2 2
+1 2
-3 2
+2 2
-1 2
-1 2
+2 2
-1 6
+1 2
-2 4

fl=(69)
fn=(290)
108 4
cfi=(70)
cfn=(292)
calls=1 232 
* 249

fl=(50)
fn=(218)
52 8
+6 3
+14 1
fi=(51) /build/buildd/eglibc-2.19/csu/../sysdeps/generic/dl-hash.h
-28 1
fe=(50)
+26 1
+1 1
fi=(52) /build/buildd/eglibc-2.19/csu/../sysdeps/unix/sysv/linux/x86_64/init-first.c
-33 1
fi=(51)
+7 1
fi=(52)
-7 1
fe=(50)
+34 1
fi=(52)
-34 2
fi=(51)
+5 1
+5 3
+1 2
+13 2
-17 3
+3 9
+1 6
+13 6
-17 9
+22 1
fi=(52)
-29 2
+2 2
-2 1
+2 2
cfi=(44)
cfn=(178)
calls=1 -13 
* 7
+1 2
+5 2
-3 2
+1 1
+2 1
cfi=(44)
cfn=(178)
calls=1 -19 
* 7
fe=(50)
+40 1
fi=(52)
-36 1
fe=(50)
+36 2
fi=(52)
-36 2
+1 2
+1 1
fe=(50)
+34 1
cfi=(53)
cfn=(224)
calls=1 -56 
* 48
+8 1
cfi=(55)
cfn=(228)
calls=1 -63 
* 16
+5 6
-34 1
-7 1
+7 4
fi=(52)
-23 2
fe=(50)

fl=(73)
fn=(352)
293 10717450
+3 64304700
+2 32152350
cfi=(74) /build/buildd/eglibc-2.19/stdlib/random_r.c
cfn=(312) random_r
calls=10717450 +68 
* 278307976
+2 42869800
+2 10717450
+1 21434900

fn=(308)
210 2
+1 6
+1 3
cfi=(74)
cfn=(310) srandom_r
calls=1 -48 
* 10520
+1 4
+1 2

fl=(42)
fn=(174)
37 2
-1 2
fi=(43) /build/buildd/eglibc-2.19/time/../sysdeps/generic/dl-hash.h
+8 2
fe=(42)
-7 4
fi=(43)
+8 2
fe=(42)
-8 2
fi=(43)
+6 2
+5 6
+1 4
+13 4
-17 6
+3 18
+1 12
+13 12
-17 18
+22 2
fe=(42)
-30 4
+3 4
-3 2
+3 2
cfi=(44)
cfn=(178)
calls=2 -13 
* 14
* 6
+1 6

fl=(45)
fn=(182)
31 1
-1 1
fi=(43)
+14 1
fe=(45)
-13 2
fi=(43)
+14 1
fe=(45)
-14 1
fi=(43)
+12 1
+5 3
+1 2
+13 2
-17 3
+3 9
+1 6
+13 6
-17 9
+22 1
fe=(45)
-36 2
+3 2
-3 1
+3 1
cfi=(44)
cfn=(178)
calls=1 -7 
* 7
+1 3
+1 3

fl=(76)
fn=(320)
30 2
fi=(77) /build/buildd/eglibc-2.19/malloc/arena.c
373 3
fe=(76)
29 3
cfi=(77)
cfn=(322) ptmalloc_init.part.7
calls=1 371 
* 57663
* 1
+4 1
-1 1
cfi=(75)
cfn=(319)
calls=1 2876 
* 1190

fl=(74)
fn=(310)
164 5
+8 2
+2 1
+1 2
+3 1
+2 3
+3 1
-1 1
+1 1
+5 1
+1 1
+5 1
-5 4
+5 7
+2 1
-1 2
+1 2
+2 3
+1 1
-10 3
+5 203
+2 29
-1 58
+1 58
+2 87
+1 29
-10 87
+13 1
+1 2
-1 2
+2 1
+1 4
+3 2
-3 1
+3 1
cfn=(312)
calls=1 366 
* 26
* 618
-3 309
+3 309
cfn=(312)
calls=309 366 
* 8024
-3 620
+7 1
+4 5

fn=(312)
366 42871040
+5 10717760
-2 10717760
+2 21435520
+9 10717760
+1 10717760
+1 10717760
+3 21435520
+3 10717760
-3 10717760
+2 10717760
+2 10717760
-2 10717760
+2 10717760
+7 10372026
+4 10372026
-3 20744052
+6 10372026
-2 20744052
-32 345734
+23 345734
+11 345734
-3 345734
+1 691468

fl=(65)
fn=(278)
26 1
+9 1
+1 2
+1 1
+4 1
+1 1
+1 1
+1 1
+1 1
+2 2
+2 1
+1 1
+3 2
+2 1
+9 1
cfi=(66)
cfn=(280)
calls=1 -35 
* 9

fl=(80) /build/buildd/eglibc-2.19/nptl/../nptl/sysdeps/unix/sysv/linux/register-atfork.c
fn=(334) __linkin_atfork
116 2
+1 6
+2 1

fl=(77)
fn=(322)
371 6
+13 1
-8 1
+8 1
+7 2
+1 2
-1 1
+1 10
cfi=(80)
cfn=(334)
calls=1 116 
* 9
+2 5
+16 2
-74 120
+16 60
-18 183
455 2
+6 2
+1 2
+2 1
+1 7
-80 5
cfi=(78)
cfn=(324)
calls=1 126 
* 57231
* 2
+1 4
-49 2
+1 2

fl=(58)
fn=(238)
33 3
+1 1

totals: 2111166747
